x	y
3067	2.893e3
3067	2.890e3
3067	2.883e3
3067	2.878e3
3067	2.859e3
3067	2.873e3
3067	2.884e3
3067	2.879e3
3067	2.876e3
3067	2.869e3
3068	2.871e3
3068	2.860e3
3068	2.858e3
3068	2.883e3
3068	2.886e3
3068	2.897e3
3068	2.882e3
3068	2.871e3
3068	2.878e3
3068	2.908e3
3068	2.931e3
3068	2.941e3
3068	2.944e3
3068	2.947e3
3068	2.952e3
3068	2.954e3
3068	2.944e3
3068	2.959e3
3068	2.968e3
3068	2.959e3
3068	2.950e3
3068	2.934e3
3068	2.928e3
3068	2.944e3
3068	2.954e3
3068	2.956e3
3068	2.955e3
3068	2.949e3
3068	2.953e3
3068	2.954e3
3068	2.949e3
3068	2.936e3
3068	2.956e3
3068	2.966e3
3068	2.983e3
3068	3.001e3
3068	3.013e3
3068	3.044e3
3068	3.065e3
3068	3.082e3
3068	3.101e3
3069	3.094e3
3069	3.118e3
3069	3.139e3
3069	3.173e3
3069	3.211e3
3069	3.229e3
3069	3.273e3
3069	3.303e3
3069	3.333e3
3069	3.373e3
3069	3.416e3
3069	3.437e3
3069	3.451e3
3069	3.447e3
3069	3.472e3
3069	3.518e3
3069	3.566e3
3069	3.599e3
3069	3.601e3
3069	3.632e3
3069	3.656e3
3069	3.693e3
3069	3.732e3
3069	3.776e3
3069	3.813e3
3069	3.839e3
3069	3.880e3
3069	3.926e3
3069	3.944e3
3069	3.981e3
3069	4.017e3
3069	4.038e3
3069	4.055e3
3069	4.060e3
3069	4.068e3
3069	4.096e3
3069	4.121e3
3069	4.150e3
3069	4.194e3
3069	4.222e3
3069	4.249e3
3069	4.280e3
3070	4.301e3
3070	4.321e3
3070	4.340e3
3070	4.334e3
3070	4.326e3
3070	4.324e3
3070	4.310e3
3070	4.317e3
3070	4.313e3
3070	4.319e3
3070	4.311e3
3070	4.325e3
3070	4.314e3
3070	4.307e3
3070	4.325e3
3070	4.304e3
3070	4.278e3
3070	4.246e3
3070	4.218e3
3070	4.203e3
3070	4.207e3
3070	4.218e3
3070	4.208e3
3070	4.208e3
3070	4.181e3
3070	4.158e3
3070	4.158e3
3070	4.167e3
3070	4.142e3
3070	4.137e3
3070	4.129e3
3070	4.131e3
3070	4.113e3
3070	4.096e3
3070	4.085e3
3070	4.060e3
3070	4.026e3
3070	4.011e3
3070	3.998e3
3070	3.994e3
3070	4.002e3
3071	4.004e3
3071	4.012e3
3071	4.027e3
3071	4.029e3
3071	4.051e3
3071	4.049e3
3071	4.034e3
3071	4.042e3
3071	4.058e3
3071	4.060e3
3071	4.077e3
3071	4.104e3
3071	4.143e3
3071	4.183e3
3071	4.208e3
3071	4.247e3
3071	4.286e3
3071	4.301e3
3071	4.323e3
3071	4.372e3
3071	4.428e3
3071	4.447e3
3071	4.511e3
3071	4.544e3
3071	4.562e3
3071	4.596e3
3071	4.630e3
3071	4.667e3
3071	4.706e3
3071	4.769e3
3071	4.795e3
3071	4.835e3
3071	4.881e3
3071	4.893e3
3071	4.937e3
3071	4.980e3
3071	4.993e3
3071	5.006e3
3071	5.022e3
3071	5.029e3
3071	5.056e3
3072	5.052e3
3072	5.069e3
3072	5.077e3
3072	5.109e3
3072	5.128e3
3072	5.133e3
3072	5.152e3
3072	5.179e3
3072	5.180e3
3072	5.189e3
3072	5.196e3
3072	5.194e3
3072	5.188e3
3072	5.190e3
3072	5.169e3
3072	5.155e3
3072	5.169e3
3072	5.161e3
3072	5.137e3
3072	5.132e3
3072	5.135e3
3072	5.096e3
3072	5.062e3
3072	5.053e3
3072	5.050e3
3072	5.011e3
3072	4.997e3
3072	4.983e3
3072	4.965e3
3072	4.940e3
3072	4.892e3
3072	4.877e3
3072	4.839e3
3072	4.808e3
3072	4.794e3
3072	4.792e3
3072	4.803e3
3072	4.816e3
3072	4.809e3
3072	4.776e3
3072	4.778e3
3072	4.739e3
3073	4.705e3
3073	4.712e3
3073	4.687e3
3073	4.676e3
3073	4.682e3
3073	4.727e3
3073	4.757e3
3073	4.766e3
3073	4.748e3
3073	4.751e3
3073	4.776e3
3073	4.791e3
3073	4.790e3
3073	4.798e3
3073	4.811e3
3073	4.829e3
3073	4.848e3
3073	4.869e3
3073	4.873e3
3073	4.883e3
3073	4.915e3
3073	4.953e3
3073	4.990e3
3073	5.014e3
3073	5.037e3
3073	5.056e3
3073	5.078e3
3073	5.116e3
3073	5.154e3
3073	5.155e3
3073	5.195e3
3073	5.208e3
3073	5.227e3
3073	5.227e3
3073	5.258e3
3073	5.265e3
3073	5.283e3
3073	5.325e3
3073	5.342e3
3073	5.352e3
3073	5.357e3
3074	5.361e3
3074	5.380e3
3074	5.355e3
3074	5.357e3
3074	5.333e3
3074	5.329e3
3074	5.329e3
3074	5.306e3
3074	5.282e3
3074	5.276e3
3074	5.281e3
3074	5.256e3
3074	5.270e3
3074	5.265e3
3074	5.251e3
3074	5.208e3
3074	5.185e3
3074	5.173e3
3074	5.204e3
3074	5.203e3
3074	5.177e3
3074	5.169e3
3074	5.131e3
3074	5.098e3
3074	5.067e3
3074	5.041e3
3074	5.007e3
3074	4.987e3
3074	4.996e3
3074	4.999e3
3074	4.953e3
3074	4.899e3
3074	4.849e3
3074	4.820e3
3074	4.809e3
3074	4.793e3
3074	4.787e3
3074	4.769e3
3074	4.735e3
3074	4.734e3
3074	4.709e3
3075	4.705e3
3075	4.683e3
3075	4.683e3
3075	4.679e3
3075	4.684e3
3075	4.671e3
3075	4.622e3
3075	4.603e3
3075	4.630e3
3075	4.640e3
3075	4.638e3
3075	4.627e3
3075	4.671e3
3075	4.664e3
3075	4.688e3
3075	4.674e3
3075	4.694e3
3075	4.711e3
3075	4.732e3
3075	4.759e3
3075	4.767e3
3075	4.798e3
3075	4.810e3
3075	4.828e3
3075	4.843e3
3075	4.832e3
3075	4.838e3
3075	4.841e3
3075	4.806e3
3075	4.817e3
3075	4.828e3
3075	4.837e3
3075	4.870e3
3075	4.885e3
3075	4.899e3
3075	4.903e3
3075	4.927e3
3075	4.947e3
3075	4.962e3
3075	4.955e3
3075	4.996e3
3075	5.029e3
3076	5.062e3
3076	5.079e3
3076	5.105e3
3076	5.115e3
3076	5.125e3
3076	5.125e3
3076	5.117e3
3076	5.107e3
3076	5.094e3
3076	5.086e3
3076	5.076e3
3076	5.075e3
3076	5.061e3
3076	5.067e3
3076	5.069e3
3076	5.062e3
3076	5.053e3
3076	5.022e3
3076	4.989e3
3076	4.956e3
3076	4.941e3
3076	4.912e3
3076	4.905e3
3076	4.879e3
3076	4.891e3
3076	4.852e3
3076	4.854e3
3076	4.837e3
3076	4.812e3
3076	4.800e3
3076	4.750e3
3076	4.702e3
3076	4.678e3
3076	4.653e3
3076	4.652e3
3076	4.650e3
3076	4.642e3
3076	4.657e3
3076	4.657e3
3076	4.635e3
3076	4.607e3
3077	4.574e3
3077	4.566e3
3077	4.582e3
3077	4.578e3
3077	4.555e3
3077	4.554e3
3077	4.521e3
3077	4.529e3
3077	4.517e3
3077	4.503e3
3077	4.499e3
3077	4.500e3
3077	4.480e3
3077	4.452e3
3077	4.438e3
3077	4.435e3
3077	4.440e3
3077	4.440e3
3077	4.444e3
3077	4.432e3
3077	4.431e3
3077	4.443e3
3077	4.450e3
3077	4.434e3
3077	4.405e3
3077	4.409e3
3077	4.427e3
3077	4.427e3
3077	4.436e3
3077	4.454e3
3077	4.464e3
3077	4.437e3
3077	4.412e3
3077	4.402e3
3077	4.371e3
3077	4.378e3
3077	4.390e3
3077	4.378e3
3077	4.366e3
3077	4.357e3
3077	4.373e3
3078	4.370e3
3078	4.355e3
3078	4.348e3
3078	4.356e3
3078	4.357e3
3078	4.360e3
3078	4.357e3
3078	4.333e3
3078	4.334e3
3078	4.328e3
3078	4.317e3
3078	4.336e3
3078	4.325e3
3078	4.324e3
3078	4.321e3
3078	4.302e3
3078	4.313e3
3078	4.312e3
3078	4.300e3
3078	4.291e3
3078	4.259e3
3078	4.245e3
3078	4.249e3
3078	4.240e3
3078	4.227e3
3078	4.233e3
3078	4.227e3
3078	4.222e3
3078	4.214e3
3078	4.208e3
3078	4.208e3
3078	4.189e3
3078	4.171e3
3078	4.174e3
3078	4.199e3
3078	4.201e3
3078	4.188e3
3078	4.176e3
3078	4.185e3
3078	4.176e3
3078	4.176e3
3079	4.195e3
3079	4.222e3
3079	4.233e3
3079	4.237e3
3079	4.216e3
3079	4.179e3
3079	4.206e3
3079	4.236e3
3079	4.247e3
3079	4.248e3
3079	4.266e3
3079	4.273e3
3079	4.294e3
3079	4.276e3
3079	4.270e3
3079	4.281e3
3079	4.275e3
3079	4.293e3
3079	4.299e3
3079	4.328e3
3079	4.346e3
3079	4.357e3
3079	4.350e3
3079	4.342e3
3079	4.339e3
3079	4.340e3
3079	4.337e3
3079	4.329e3
3079	4.327e3
3079	4.342e3
3079	4.373e3
3079	4.392e3
3079	4.386e3
3079	4.397e3
3079	4.411e3
3079	4.424e3
3079	4.452e3
3079	4.459e3
3079	4.474e3
3079	4.506e3
3079	4.531e3
3079	4.542e3
3080	4.556e3
3080	4.555e3
3080	4.570e3
3080	4.612e3
3080	4.614e3
3080	4.630e3
3080	4.637e3
3080	4.660e3
3080	4.667e3
3080	4.692e3
3080	4.695e3
3080	4.687e3
3080	4.691e3
3080	4.716e3
3080	4.730e3
3080	4.710e3
3080	4.693e3
3080	4.687e3
3080	4.683e3
3080	4.686e3
3080	4.682e3
3080	4.670e3
3080	4.676e3
3080	4.672e3
3080	4.652e3
3080	4.638e3
3080	4.636e3
3080	4.638e3
3080	4.647e3
3080	4.653e3
3080	4.628e3
3080	4.618e3
3080	4.607e3
3080	4.620e3
3080	4.621e3
3080	4.617e3
3080	4.592e3
3080	4.598e3
3080	4.585e3
3080	4.582e3
3080	4.588e3
3081	4.609e3
3081	4.620e3
3081	4.623e3
3081	4.598e3
3081	4.581e3
3081	4.582e3
3081	4.580e3
3081	4.580e3
3081	4.565e3
3081	4.571e3
3081	4.578e3
3081	4.592e3
3081	4.588e3
3081	4.579e3
3081	4.609e3
3081	4.617e3
3081	4.609e3
3081	4.623e3
3081	4.637e3
3081	4.634e3
3081	4.659e3
3081	4.695e3
3081	4.713e3
3081	4.726e3
3081	4.764e3
3081	4.792e3
3081	4.812e3
3081	4.834e3
3081	4.865e3
3081	4.888e3
3081	4.932e3
3081	4.969e3
3081	4.981e3
3081	5.018e3
3081	5.055e3
3081	5.067e3
3081	5.069e3
3081	5.082e3
3081	5.095e3
3081	5.114e3
3081	5.146e3
3082	5.160e3
3082	5.211e3
3082	5.231e3
3082	5.255e3
3082	5.265e3
3082	5.277e3
3082	5.280e3
3082	5.266e3
3082	5.263e3
3082	5.252e3
3082	5.239e3
3082	5.263e3
3082	5.265e3
3082	5.272e3
3082	5.264e3
3082	5.249e3
3082	5.243e3
3082	5.244e3
3082	5.234e3
3082	5.219e3
3082	5.201e3
3082	5.185e3
3082	5.179e3
3082	5.167e3
3082	5.132e3
3082	5.117e3
3082	5.101e3
3082	5.080e3
3082	5.082e3
3082	5.050e3
3082	5.005e3
3082	4.959e3
3082	4.935e3
3082	4.905e3
3082	4.885e3
3082	4.875e3
3082	4.875e3
3082	4.857e3
3082	4.825e3
3082	4.800e3
3082	4.772e3
3082	4.750e3
3083	4.752e3
3083	4.710e3
3083	4.678e3
3083	4.688e3
3083	4.688e3
3083	4.680e3
3083	4.660e3
3083	4.657e3
3083	4.621e3
3083	4.624e3
3083	4.600e3
3083	4.583e3
3083	4.569e3
3083	4.568e3
3083	4.582e3
3083	4.594e3
3083	4.617e3
3083	4.633e3
3083	4.638e3
3083	4.634e3
3083	4.614e3
3083	4.625e3
3083	4.642e3
3083	4.671e3
3083	4.680e3
3083	4.700e3
3083	4.694e3
3083	4.693e3
3083	4.711e3
3083	4.745e3
3083	4.785e3
3083	4.796e3
3083	4.802e3
3083	4.810e3
3083	4.818e3
3083	4.834e3
3083	4.839e3
3083	4.837e3
3083	4.869e3
3083	4.905e3
3083	4.907e3
3084	4.916e3
3084	4.941e3
3084	4.941e3
3084	4.957e3
3084	4.939e3
3084	4.950e3
3084	4.972e3
3084	4.990e3
3084	4.991e3
3084	4.970e3
3084	4.977e3
3084	5.002e3
3084	5.003e3
3084	4.985e3
3084	4.976e3
3084	4.970e3
3084	4.944e3
3084	4.925e3
3084	4.931e3
3084	4.923e3
3084	4.905e3
3084	4.882e3
3084	4.866e3
3084	4.849e3
3084	4.836e3
3084	4.811e3
3084	4.790e3
3084	4.772e3
3084	4.751e3
3084	4.725e3
3084	4.702e3
3084	4.664e3
3084	4.644e3
3084	4.613e3
3084	4.605e3
3084	4.599e3
3084	4.589e3
3084	4.587e3
3084	4.561e3
3084	4.522e3
3084	4.470e3
3085	4.442e3
3085	4.429e3
3085	4.408e3
3085	4.387e3
3085	4.381e3
3085	4.366e3
3085	4.363e3
3085	4.343e3
3085	4.317e3
3085	4.317e3
3085	4.306e3
3085	4.283e3
3085	4.297e3
3085	4.289e3
3085	4.293e3
3085	4.282e3
3085	4.277e3
3085	4.265e3
3085	4.258e3
3085	4.274e3
3085	4.254e3
3085	4.221e3
3085	4.225e3
3085	4.258e3
3085	4.275e3
3085	4.279e3
3085	4.295e3
3085	4.304e3
3085	4.305e3
3085	4.322e3
3085	4.334e3
3085	4.359e3
3085	4.367e3
3085	4.382e3
3085	4.382e3
3085	4.392e3
3085	4.426e3
3085	4.424e3
3085	4.438e3
3085	4.465e3
3085	4.492e3
3086	4.505e3
3086	4.519e3
3086	4.553e3
3086	4.568e3
3086	4.551e3
3086	4.541e3
3086	4.546e3
3086	4.552e3
3086	4.571e3
3086	4.577e3
3086	4.592e3
3086	4.584e3
3086	4.590e3
3086	4.600e3
3086	4.598e3
3086	4.580e3
3086	4.557e3
3086	4.549e3
3086	4.522e3
3086	4.533e3
3086	4.538e3
3086	4.542e3
3086	4.517e3
3086	4.490e3
3086	4.484e3
3086	4.477e3
3086	4.467e3
3086	4.441e3
3086	4.422e3
3086	4.424e3
3086	4.407e3
3086	4.404e3
3086	4.380e3
3086	4.344e3
3086	4.320e3
3086	4.297e3
3086	4.281e3
3086	4.253e3
3086	4.248e3
3086	4.235e3
3086	4.222e3
3087	4.195e3
3087	4.196e3
3087	4.178e3
3087	4.164e3
3087	4.152e3
3087	4.128e3
3087	4.105e3
3087	4.084e3
3087	4.078e3
3087	4.050e3
3087	4.028e3
3087	3.997e3
3087	3.947e3
3087	3.918e3
3087	3.915e3
3087	3.913e3
3087	3.903e3
3087	3.902e3
3087	3.878e3
3087	3.855e3
3087	3.832e3
3087	3.830e3
3087	3.831e3
3087	3.840e3
3087	3.834e3
3087	3.827e3
3087	3.833e3
3087	3.847e3
3087	3.873e3
3087	3.869e3
3087	3.870e3
3087	3.873e3
3087	3.896e3
3087	3.902e3
3087	3.909e3
3087	3.906e3
3087	3.897e3
3087	3.911e3
3087	3.914e3
3087	3.897e3
3087	3.900e3
3087	3.893e3
3088	3.893e3
3088	3.903e3
3088	3.892e3
3088	3.903e3
3088	3.902e3
3088	3.902e3
3088	3.895e3
3088	3.891e3
3088	3.879e3
3088	3.878e3
3088	3.865e3
3088	3.877e3
3088	3.915e3
3088	3.920e3
3088	3.899e3
3088	3.911e3
3088	3.902e3
3088	3.891e3
3088	3.891e3
3088	3.895e3
3088	3.890e3
3088	3.892e3
3088	3.891e3
3088	3.875e3
3088	3.873e3
3088	3.870e3
3088	3.872e3
3088	3.879e3
3088	3.920e3
3088	3.944e3
3088	3.965e3
3088	3.950e3
3088	3.920e3
3088	3.933e3
3088	3.945e3
3088	3.936e3
3088	3.940e3
3088	3.932e3
3088	3.922e3
3088	3.899e3
3088	3.889e3
3089	3.847e3
3089	3.847e3
3089	3.850e3
3089	3.875e3
3089	3.864e3
3089	3.843e3
3089	3.843e3
3089	3.851e3
3089	3.843e3
3089	3.849e3
3089	3.868e3
3089	3.856e3
3089	3.855e3
3089	3.841e3
3089	3.846e3
3089	3.855e3
3089	3.868e3
3089	3.873e3
3089	3.881e3
3089	3.884e3
3089	3.890e3
3089	3.866e3
3089	3.821e3
3089	3.825e3
3089	3.846e3
3089	3.837e3
3089	3.845e3
3089	3.837e3
3089	3.842e3
3089	3.853e3
3089	3.850e3
3089	3.842e3
3089	3.840e3
3089	3.863e3
3089	3.876e3
3089	3.880e3
3089	3.859e3
3089	3.846e3
3089	3.809e3
3089	3.792e3
3089	3.773e3
3090	3.781e3
3090	3.769e3
3090	3.738e3
3090	3.747e3
3090	3.732e3
3090	3.693e3
3090	3.684e3
3090	3.695e3
3090	3.703e3
3090	3.695e3
3090	3.692e3
3090	3.678e3
3090	3.669e3
3090	3.645e3
3090	3.651e3
3090	3.656e3
3090	3.645e3
3090	3.629e3
3090	3.635e3
3090	3.631e3
3090	3.604e3
3090	3.587e3
3090	3.579e3
3090	3.578e3
3090	3.566e3
3090	3.565e3
3090	3.553e3
3090	3.541e3
3090	3.547e3
3090	3.547e3
3090	3.532e3
3090	3.538e3
3090	3.541e3
3090	3.507e3
3090	3.492e3
3090	3.489e3
3090	3.484e3
3090	3.487e3
3090	3.493e3
3090	3.482e3
3090	3.482e3
3091	3.479e3
3091	3.476e3
3091	3.459e3
3091	3.434e3
3091	3.437e3
3091	3.437e3
3091	3.422e3
3091	3.410e3
3091	3.385e3
3091	3.372e3
3091	3.377e3
3091	3.402e3
3091	3.399e3
3091	3.382e3
3091	3.406e3
3091	3.423e3
3091	3.418e3
3091	3.392e3
3091	3.370e3
3091	3.353e3
3091	3.342e3
3091	3.338e3
3091	3.332e3
3091	3.327e3
3091	3.316e3
3091	3.310e3
3091	3.314e3
3091	3.314e3
3091	3.312e3
3091	3.302e3
3091	3.300e3
3091	3.302e3
3091	3.306e3
3091	3.313e3
3091	3.313e3
3091	3.308e3
3091	3.301e3
3091	3.307e3
3091	3.310e3
3091	3.312e3
3091	3.312e3
3091	3.314e3
3092	3.319e3
3092	3.332e3
3092	3.332e3
3092	3.337e3
3092	3.324e3
3092	3.310e3
3092	3.291e3
3092	3.287e3
3092	3.274e3
3092	3.283e3
3092	3.276e3
3092	3.278e3
3092	3.291e3
3092	3.259e3
3092	3.247e3
3092	3.259e3
3092	3.274e3
3092	3.298e3
3092	3.298e3
3092	3.300e3
3092	3.296e3
3092	3.296e3
3092	3.305e3
3092	3.293e3
3092	3.301e3
3092	3.299e3
3092	3.302e3
3092	3.318e3
3092	3.338e3
3092	3.355e3
3092	3.370e3
3092	3.381e3
3092	3.383e3
3092	3.409e3
3092	3.417e3
3092	3.424e3
3092	3.432e3
3092	3.454e3
3092	3.485e3
3092	3.503e3
3092	3.506e3
3093	3.502e3
3093	3.521e3
3093	3.524e3
3093	3.516e3
3093	3.507e3
3093	3.505e3
3093	3.502e3
3093	3.511e3
3093	3.502e3
3093	3.487e3
3093	3.486e3
3093	3.490e3
3093	3.502e3
3093	3.511e3
3093	3.542e3
3093	3.565e3
3093	3.558e3
3093	3.561e3
3093	3.578e3
3093	3.568e3
3093	3.586e3
3093	3.588e3
3093	3.595e3
3093	3.610e3
3093	3.619e3
3093	3.623e3
3093	3.656e3
3093	3.647e3
3093	3.647e3
3093	3.648e3
3093	3.627e3
3093	3.646e3
3093	3.644e3
3093	3.631e3
3093	3.612e3
3093	3.621e3
3093	3.627e3
3093	3.626e3
3093	3.623e3
3093	3.623e3
3093	3.597e3
3094	3.572e3
3094	3.555e3
3094	3.519e3
3094	3.521e3
3094	3.529e3
3094	3.523e3
3094	3.496e3
3094	3.473e3
3094	3.463e3
3094	3.464e3
3094	3.456e3
3094	3.426e3
3094	3.417e3
3094	3.419e3
3094	3.424e3
3094	3.419e3
3094	3.411e3
3094	3.383e3
3094	3.384e3
3094	3.379e3
3094	3.367e3
3094	3.361e3
3094	3.355e3
3094	3.338e3
3094	3.309e3
3094	3.287e3
3094	3.289e3
3094	3.293e3
3094	3.300e3
3094	3.302e3
3094	3.292e3
3094	3.273e3
3094	3.277e3
3094	3.296e3
3094	3.305e3
3094	3.316e3
3094	3.308e3
3094	3.325e3
3094	3.324e3
3094	3.309e3
3094	3.323e3
3095	3.325e3
3095	3.344e3
3095	3.365e3
3095	3.377e3
3095	3.356e3
3095	3.365e3
3095	3.376e3
3095	3.384e3
3095	3.371e3
3095	3.379e3
3095	3.374e3
3095	3.390e3
3095	3.401e3
3095	3.393e3
3095	3.374e3
3095	3.373e3
3095	3.372e3
3095	3.359e3
3095	3.352e3
3095	3.356e3
3095	3.381e3
3095	3.397e3
3095	3.409e3
3095	3.420e3
3095	3.402e3
3095	3.394e3
3095	3.385e3
3095	3.397e3
3095	3.399e3
3095	3.419e3
3095	3.433e3
3095	3.448e3
3095	3.444e3
3095	3.465e3
3095	3.482e3
3095	3.492e3
3095	3.519e3
3095	3.523e3
3095	3.507e3
3095	3.503e3
3095	3.504e3
3096	3.514e3
3096	3.492e3
3096	3.490e3
3096	3.488e3
3096	3.456e3
3096	3.429e3
3096	3.418e3
3096	3.402e3
3096	3.387e3
3096	3.386e3
3096	3.357e3
3096	3.312e3
3096	3.293e3
3096	3.280e3
3096	3.309e3
3096	3.299e3
3096	3.301e3
3096	3.280e3
3096	3.286e3
3096	3.293e3
3096	3.311e3
3096	3.318e3
3096	3.324e3
3096	3.336e3
3096	3.355e3
3096	3.367e3
3096	3.359e3
3096	3.374e3
3096	3.381e3
3096	3.364e3
3096	3.336e3
3096	3.316e3
3096	3.291e3
3096	3.275e3
3096	3.294e3
3096	3.286e3
3096	3.298e3
3096	3.299e3
3096	3.313e3
3096	3.313e3
3096	3.302e3
3097	3.276e3
3097	3.281e3
3097	3.267e3
3097	3.260e3
3097	3.257e3
3097	3.246e3
3097	3.239e3
3097	3.246e3
3097	3.252e3
3097	3.248e3
3097	3.239e3
3097	3.243e3
3097	3.220e3
3097	3.205e3
3097	3.224e3
3097	3.226e3
3097	3.230e3
3097	3.252e3
3097	3.264e3
3097	3.263e3
3097	3.275e3
3097	3.303e3
3097	3.332e3
3097	3.338e3
3097	3.325e3
3097	3.332e3
3097	3.313e3
3097	3.312e3
3097	3.298e3
3097	3.271e3
3097	3.245e3
3097	3.230e3
3097	3.215e3
3097	3.197e3
3097	3.180e3
3097	3.152e3
3097	3.152e3
3097	3.129e3
3097	3.124e3
3097	3.128e3
3097	3.136e3
3097	3.154e3
3098	3.167e3
3098	3.175e3
3098	3.159e3
3098	3.164e3
3098	3.150e3
3098	3.140e3
3098	3.119e3
3098	3.109e3
3098	3.109e3
3098	3.120e3
3098	3.101e3
3098	3.086e3
3098	3.084e3
3098	3.092e3
3098	3.082e3
3098	3.074e3
3098	3.068e3
3098	3.065e3
3098	3.060e3
3098	3.062e3
3098	3.059e3
3098	3.063e3
3098	3.057e3
3098	3.056e3
3098	3.045e3
3098	3.058e3
3098	3.047e3
3098	3.051e3
3098	3.056e3
3098	3.064e3
3098	3.059e3
3098	3.030e3
3098	3.017e3
3098	3.010e3
3098	2.985e3
3098	3.003e3
3098	3.014e3
3098	3.025e3
3098	3.032e3
3098	3.043e3
3098	3.037e3
3099	3.049e3
3099	3.049e3
3099	3.034e3
3099	3.044e3
3099	3.058e3
3099	3.094e3
3099	3.114e3
3099	3.118e3
3099	3.132e3
3099	3.118e3
3099	3.121e3
3099	3.126e3
3099	3.133e3
3099	3.126e3
3099	3.136e3
3099	3.141e3
3099	3.144e3
3099	3.143e3
3099	3.164e3
3099	3.168e3
3099	3.163e3
3099	3.167e3
3099	3.160e3
3099	3.159e3
3099	3.172e3
3099	3.186e3
3099	3.205e3
3099	3.230e3
3099	3.251e3
3099	3.246e3
3099	3.243e3
3099	3.263e3
3099	3.288e3
3099	3.302e3
3099	3.310e3
3099	3.300e3
3099	3.302e3
3099	3.301e3
3099	3.288e3
3099	3.269e3
3099	3.244e3
3100	3.241e3
3100	3.258e3
3100	3.262e3
3100	3.291e3
3100	3.284e3
3100	3.292e3
3100	3.285e3
3100	3.287e3
3100	3.279e3
3100	3.270e3
3100	3.274e3
3100	3.296e3
3100	3.320e3
3100	3.317e3
3100	3.308e3
3100	3.279e3
3100	3.244e3
3100	3.244e3
3100	3.233e3
3100	3.217e3
3100	3.207e3
3100	3.201e3
3100	3.184e3
3100	3.165e3
3100	3.147e3
3100	3.143e3
3100	3.145e3
3100	3.139e3
3100	3.139e3
3100	3.144e3
3100	3.157e3
3100	3.170e3
3100	3.184e3
3100	3.180e3
3100	3.164e3
3100	3.162e3
3100	3.156e3
3100	3.124e3
3100	3.106e3
3100	3.127e3
3100	3.127e3
3101	3.113e3
3101	3.114e3
3101	3.112e3
3101	3.130e3
3101	3.126e3
3101	3.130e3
3101	3.130e3
3101	3.140e3
3101	3.156e3
3101	3.174e3
3101	3.186e3
3101	3.187e3
3101	3.178e3
3101	3.170e3
3101	3.175e3
3101	3.154e3
3101	3.159e3
3101	3.170e3
3101	3.188e3
3101	3.216e3
3101	3.213e3
3101	3.193e3
3101	3.180e3
3101	3.179e3
3101	3.174e3
3101	3.197e3
3101	3.230e3
3101	3.221e3
3101	3.203e3
3101	3.220e3
3101	3.228e3
3101	3.228e3
3101	3.241e3
3101	3.267e3
3101	3.286e3
3101	3.295e3
3101	3.310e3
3101	3.304e3
3101	3.291e3
3101	3.283e3
3101	3.281e3
3102	3.291e3
3102	3.297e3
3102	3.307e3
3102	3.301e3
3102	3.290e3
3102	3.266e3
3102	3.259e3
3102	3.261e3
3102	3.242e3
3102	3.232e3
3102	3.222e3
3102	3.195e3
3102	3.167e3
3102	3.144e3
3102	3.138e3
3102	3.147e3
3102	3.159e3
3102	3.160e3
3102	3.149e3
3102	3.157e3
3102	3.152e3
3102	3.144e3
3102	3.136e3
3102	3.133e3
3102	3.120e3
3102	3.137e3
3102	3.143e3
3102	3.141e3
3102	3.128e3
3102	3.116e3
3102	3.108e3
3102	3.097e3
3102	3.088e3
3102	3.085e3
3102	3.091e3
3102	3.081e3
3102	3.067e3
3102	3.080e3
3102	3.093e3
3102	3.102e3
3102	3.088e3
3103	3.093e3
3103	3.087e3
3103	3.091e3
3103	3.080e3
3103	3.078e3
3103	3.067e3
3103	3.079e3
3103	3.065e3
3103	3.060e3
3103	3.071e3
3103	3.063e3
3103	3.069e3
3103	3.056e3
3103	3.070e3
3103	3.082e3
3103	3.105e3
3103	3.137e3
3103	3.155e3
3103	3.175e3
3103	3.190e3
3103	3.203e3
3103	3.226e3
3103	3.251e3
3103	3.268e3
3103	3.278e3
3103	3.259e3
3103	3.250e3
3103	3.269e3
3103	3.298e3
3103	3.301e3
3103	3.310e3
3103	3.315e3
3103	3.329e3
3103	3.336e3
3103	3.350e3
3103	3.344e3
3103	3.335e3
3103	3.342e3
3103	3.337e3
3103	3.341e3
3103	3.340e3
3104	3.346e3
3104	3.352e3
3104	3.352e3
3104	3.362e3
3104	3.354e3
3104	3.355e3
3104	3.353e3
3104	3.346e3
3104	3.337e3
3104	3.355e3
3104	3.348e3
3104	3.386e3
3104	3.391e3
3104	3.379e3
3104	3.373e3
3104	3.375e3
3104	3.373e3
3104	3.367e3
3104	3.372e3
3104	3.380e3
3104	3.353e3
3104	3.336e3
3104	3.340e3
3104	3.335e3
3104	3.329e3
3104	3.330e3
3104	3.322e3
3104	3.327e3
3104	3.312e3
3104	3.301e3
3104	3.308e3
3104	3.303e3
3104	3.296e3
3104	3.293e3
3104	3.308e3
3104	3.313e3
3104	3.308e3
3104	3.284e3
3104	3.257e3
3104	3.248e3
3104	3.230e3
3105	3.228e3
3105	3.226e3
3105	3.224e3
3105	3.224e3
3105	3.225e3
3105	3.232e3
3105	3.233e3
3105	3.246e3
3105	3.263e3
3105	3.304e3
3105	3.338e3
3105	3.373e3
3105	3.412e3
3105	3.434e3
3105	3.461e3
3105	3.460e3
3105	3.478e3
3105	3.487e3
3105	3.501e3
3105	3.505e3
3105	3.515e3
3105	3.501e3
3105	3.513e3
3105	3.520e3
3105	3.528e3
3105	3.554e3
3105	3.559e3
3105	3.583e3
3105	3.591e3
3105	3.563e3
3105	3.595e3
3105	3.589e3
3105	3.585e3
3105	3.610e3
3105	3.612e3
3105	3.596e3
3105	3.584e3
3105	3.562e3
3105	3.580e3
3105	3.586e3
3105	3.579e3
3105	3.586e3
3106	3.595e3
3106	3.597e3
3106	3.590e3
3106	3.623e3
3106	3.635e3
3106	3.641e3
3106	3.639e3
3106	3.640e3
3106	3.665e3
3106	3.656e3
3106	3.668e3
3106	3.673e3
3106	3.665e3
3106	3.662e3
3106	3.657e3
3106	3.649e3
3106	3.630e3
3106	3.623e3
3106	3.595e3
3106	3.550e3
3106	3.523e3
3106	3.494e3
3106	3.483e3
3106	3.471e3
3106	3.491e3
3106	3.490e3
3106	3.496e3
3106	3.493e3
3106	3.505e3
3106	3.506e3
3106	3.506e3
3106	3.495e3
3106	3.507e3
3106	3.500e3
3106	3.469e3
3106	3.458e3
3106	3.452e3
3106	3.447e3
3106	3.455e3
3106	3.451e3
3106	3.449e3
3107	3.443e3
3107	3.428e3
3107	3.427e3
3107	3.445e3
3107	3.459e3
3107	3.458e3
3107	3.448e3
3107	3.459e3
3107	3.465e3
3107	3.477e3
3107	3.500e3
3107	3.502e3
3107	3.501e3
3107	3.498e3
3107	3.519e3
3107	3.533e3
3107	3.552e3
3107	3.580e3
3107	3.580e3
3107	3.589e3
3107	3.585e3
3107	3.587e3
3107	3.620e3
3107	3.647e3
3107	3.652e3
3107	3.657e3
3107	3.688e3
3107	3.678e3
3107	3.702e3
3107	3.739e3
3107	3.749e3
3107	3.745e3
3107	3.724e3
3107	3.719e3
3107	3.705e3
3107	3.686e3
3107	3.691e3
3107	3.699e3
3107	3.682e3
3107	3.661e3
3107	3.647e3
3108	3.642e3
3108	3.632e3
3108	3.634e3
3108	3.662e3
3108	3.674e3
3108	3.684e3
3108	3.690e3
3108	3.694e3
3108	3.686e3
3108	3.695e3
3108	3.698e3
3108	3.694e3
3108	3.710e3
3108	3.709e3
3108	3.685e3
3108	3.677e3
3108	3.668e3
3108	3.676e3
3108	3.678e3
3108	3.645e3
3108	3.602e3
3108	3.605e3
3108	3.591e3
3108	3.559e3
3108	3.540e3
3108	3.524e3
3108	3.518e3
3108	3.497e3
3108	3.487e3
3108	3.504e3
3108	3.507e3
3108	3.493e3
3108	3.471e3
3108	3.450e3
3108	3.464e3
3108	3.473e3
3108	3.440e3
3108	3.448e3
3108	3.435e3
3108	3.428e3
3108	3.426e3
3109	3.448e3
3109	3.481e3
3109	3.496e3
3109	3.516e3
3109	3.540e3
3109	3.553e3
3109	3.547e3
3109	3.547e3
3109	3.563e3
3109	3.573e3
3109	3.582e3
3109	3.609e3
3109	3.615e3
3109	3.611e3
3109	3.611e3
3109	3.606e3
3109	3.607e3
3109	3.613e3
3109	3.619e3
3109	3.627e3
3109	3.623e3
3109	3.626e3
3109	3.626e3
3109	3.623e3
3109	3.649e3
3109	3.671e3
3109	3.686e3
3109	3.679e3
3109	3.693e3
3109	3.733e3
3109	3.766e3
3109	3.746e3
3109	3.743e3
3109	3.753e3
3109	3.770e3
3109	3.775e3
3109	3.774e3
3109	3.775e3
3109	3.782e3
3109	3.774e3
3109	3.789e3
3110	3.803e3
3110	3.788e3
3110	3.781e3
3110	3.777e3
3110	3.772e3
3110	3.783e3
3110	3.780e3
3110	3.777e3
3110	3.776e3
3110	3.788e3
3110	3.795e3
3110	3.776e3
3110	3.766e3
3110	3.755e3
3110	3.750e3
3110	3.745e3
3110	3.745e3
3110	3.769e3
3110	3.774e3
3110	3.766e3
3110	3.730e3
3110	3.718e3
3110	3.732e3
3110	3.722e3
3110	3.709e3
3110	3.709e3
3110	3.728e3
3110	3.730e3
3110	3.737e3
3110	3.745e3
3110	3.770e3
3110	3.761e3
3110	3.741e3
3110	3.739e3
3110	3.717e3
3110	3.710e3
3110	3.705e3
3110	3.722e3
3110	3.715e3
3110	3.694e3
3110	3.679e3
3111	3.700e3
3111	3.719e3
3111	3.725e3
3111	3.724e3
3111	3.726e3
3111	3.734e3
3111	3.754e3
3111	3.761e3
3111	3.790e3
3111	3.785e3
3111	3.781e3
3111	3.794e3
3111	3.803e3
3111	3.792e3
3111	3.778e3
3111	3.787e3
3111	3.794e3
3111	3.800e3
3111	3.817e3
3111	3.794e3
3111	3.772e3
3111	3.770e3
3111	3.784e3
3111	3.790e3
3111	3.781e3
3111	3.764e3
3111	3.775e3
3111	3.753e3
3111	3.760e3
3111	3.776e3
3111	3.816e3
3111	3.831e3
3111	3.815e3
3111	3.818e3
3111	3.844e3
3111	3.867e3
3111	3.850e3
3111	3.847e3
3111	3.844e3
3111	3.839e3
3111	3.818e3
3112	3.831e3
3112	3.839e3
3112	3.848e3
3112	3.874e3
3112	3.885e3
3112	3.902e3
3112	3.911e3
3112	3.918e3
3112	3.912e3
3112	3.916e3
3112	3.891e3
3112	3.873e3
3112	3.868e3
3112	3.841e3
3112	3.840e3
3112	3.822e3
3112	3.803e3
3112	3.789e3
3112	3.770e3
3112	3.750e3
3112	3.751e3
3112	3.755e3
3112	3.762e3
3112	3.779e3
3112	3.808e3
3112	3.802e3
3112	3.804e3
3112	3.797e3
3112	3.781e3
3112	3.813e3
3112	3.828e3
3112	3.859e3
3112	3.842e3
3112	3.837e3
3112	3.828e3
3112	3.838e3
3112	3.827e3
3112	3.840e3
3112	3.845e3
3112	3.851e3
3112	3.843e3
3113	3.826e3
3113	3.839e3
3113	3.845e3
3113	3.847e3
3113	3.833e3
3113	3.819e3
3113	3.814e3
3113	3.811e3
3113	3.807e3
3113	3.795e3
3113	3.783e3
3113	3.803e3
3113	3.791e3
3113	3.777e3
3113	3.768e3
3113	3.749e3
3113	3.733e3
3113	3.705e3
3113	3.697e3
3113	3.681e3
3113	3.683e3
3113	3.693e3
3113	3.696e3
3113	3.713e3
3113	3.723e3
3113	3.736e3
3113	3.732e3
3113	3.744e3
3113	3.729e3
3113	3.732e3
3113	3.718e3
3113	3.704e3
3113	3.705e3
3113	3.715e3
3113	3.713e3
3113	3.719e3
3113	3.712e3
3113	3.736e3
3113	3.741e3
3113	3.728e3
3113	3.725e3
3114	3.715e3
3114	3.727e3
3114	3.708e3
3114	3.711e3
3114	3.712e3
3114	3.716e3
3114	3.717e3
3114	3.715e3
3114	3.695e3
3114	3.701e3
3114	3.695e3
3114	3.679e3
3114	3.652e3
3114	3.643e3
3114	3.646e3
3114	3.656e3
3114	3.673e3
3114	3.659e3
3114	3.682e3
3114	3.715e3
3114	3.737e3
3114	3.717e3
3114	3.718e3
3114	3.720e3
3114	3.717e3
3114	3.719e3
3114	3.708e3
3114	3.715e3
3114	3.734e3
3114	3.753e3
3114	3.768e3
3114	3.779e3
3114	3.775e3
3114	3.758e3
3114	3.753e3
3114	3.757e3
3114	3.772e3
3114	3.778e3
3114	3.789e3
3114	3.804e3
3114	3.818e3
3115	3.832e3
3115	3.818e3
3115	3.798e3
3115	3.785e3
3115	3.782e3
3115	3.799e3
3115	3.785e3
3115	3.780e3
3115	3.766e3
3115	3.768e3
3115	3.758e3
3115	3.750e3
3115	3.778e3
3115	3.814e3
3115	3.806e3
3115	3.796e3
3115	3.804e3
3115	3.823e3
3115	3.843e3
3115	3.844e3
3115	3.854e3
3115	3.860e3
3115	3.882e3
3115	3.894e3
3115	3.885e3
3115	3.916e3
3115	3.930e3
3115	3.946e3
3115	3.937e3
3115	3.923e3
3115	3.915e3
3115	3.930e3
3115	3.943e3
3115	3.967e3
3115	3.982e3
3115	4.004e3
3115	4.024e3
3115	4.040e3
3115	4.033e3
3115	4.025e3
3115	4.034e3
3116	4.042e3
3116	4.049e3
3116	4.062e3
3116	4.057e3
3116	4.059e3
3116	4.058e3
3116	4.060e3
3116	4.061e3
3116	4.045e3
3116	4.051e3
3116	4.057e3
3116	4.073e3
3116	4.081e3
3116	4.109e3
3116	4.130e3
3116	4.117e3
3116	4.122e3
3116	4.143e3
3116	4.162e3
3116	4.166e3
3116	4.160e3
3116	4.157e3
3116	4.153e3
3116	4.138e3
3116	4.167e3
3116	4.174e3
3116	4.149e3
3116	4.129e3
3116	4.108e3
3116	4.109e3
3116	4.120e3
3116	4.122e3
3116	4.121e3
3116	4.106e3
3116	4.115e3
3116	4.080e3
3116	4.065e3
3116	4.071e3
3116	4.068e3
3116	4.084e3
3116	4.097e3
3117	4.101e3
3117	4.096e3
3117	4.103e3
3117	4.107e3
3117	4.092e3
3117	4.084e3
3117	4.085e3
3117	4.092e3
3117	4.099e3
3117	4.091e3
3117	4.096e3
3117	4.091e3
3117	4.100e3
3117	4.126e3
3117	4.144e3
3117	4.163e3
3117	4.169e3
3117	4.185e3
3117	4.199e3
3117	4.221e3
3117	4.214e3
3117	4.214e3
3117	4.209e3
3117	4.208e3
3117	4.197e3
3117	4.210e3
3117	4.209e3
3117	4.202e3
3117	4.180e3
3117	4.169e3
3117	4.186e3
3117	4.213e3
3117	4.218e3
3117	4.222e3
3117	4.222e3
3117	4.241e3
3117	4.267e3
3117	4.273e3
3117	4.290e3
3117	4.313e3
3117	4.309e3
3118	4.321e3
3118	4.349e3
3118	4.370e3
3118	4.395e3
3118	4.421e3
3118	4.422e3
3118	4.411e3
3118	4.414e3
3118	4.404e3
3118	4.404e3
3118	4.390e3
3118	4.394e3
3118	4.380e3
3118	4.375e3
3118	4.398e3
3118	4.406e3
3118	4.389e3
3118	4.394e3
3118	4.406e3
3118	4.410e3
3118	4.413e3
3118	4.431e3
3118	4.429e3
3118	4.421e3
3118	4.402e3
3118	4.392e3
3118	4.383e3
3118	4.375e3
3118	4.395e3
3118	4.382e3
3118	4.389e3
3118	4.394e3
3118	4.404e3
3118	4.383e3
3118	4.386e3
3118	4.379e3
3118	4.390e3
3118	4.374e3
3118	4.399e3
3118	4.414e3
3118	4.411e3
3119	4.404e3
3119	4.414e3
3119	4.415e3
3119	4.415e3
3119	4.413e3
3119	4.391e3
3119	4.394e3
3119	4.405e3
3119	4.385e3
3119	4.400e3
3119	4.414e3
3119	4.404e3
3119	4.412e3
3119	4.391e3
3119	4.365e3
3119	4.353e3
3119	4.365e3
3119	4.370e3
3119	4.382e3
3119	4.383e3
3119	4.398e3
3119	4.391e3
3119	4.393e3
3119	4.392e3
3119	4.382e3
3119	4.375e3
3119	4.381e3
3119	4.389e3
3119	4.394e3
3119	4.405e3
3119	4.402e3
3119	4.405e3
3119	4.399e3
3119	4.392e3
3119	4.401e3
3119	4.413e3
3119	4.440e3
3119	4.456e3
3119	4.479e3
3119	4.477e3
3119	4.461e3
3120	4.474e3
3120	4.491e3
3120	4.519e3
3120	4.553e3
3120	4.573e3
3120	4.564e3
3120	4.589e3
3120	4.584e3
3120	4.576e3
3120	4.590e3
3120	4.597e3
3120	4.577e3
3120	4.567e3
3120	4.558e3
3120	4.562e3
3120	4.581e3
3120	4.575e3
3120	4.574e3
3120	4.597e3
3120	4.587e3
3120	4.578e3
3120	4.591e3
3120	4.578e3
3120	4.580e3
3120	4.608e3
3120	4.610e3
3120	4.611e3
3120	4.604e3
3120	4.608e3
3120	4.612e3
3120	4.603e3
3120	4.625e3
3120	4.621e3
3120	4.609e3
3120	4.612e3
3120	4.630e3
3120	4.652e3
3120	4.649e3
3120	4.660e3
3120	4.661e3
3120	4.651e3
3121	4.641e3
3121	4.668e3
3121	4.707e3
3121	4.732e3
3121	4.731e3
3121	4.718e3
3121	4.698e3
3121	4.676e3
3121	4.673e3
3121	4.684e3
3121	4.687e3
3121	4.675e3
3121	4.653e3
3121	4.628e3
3121	4.619e3
3121	4.629e3
3121	4.618e3
3121	4.615e3
3121	4.616e3
3121	4.617e3
3121	4.609e3
3121	4.630e3
3121	4.646e3
3121	4.667e3
3121	4.669e3
3121	4.675e3
3121	4.694e3
3121	4.690e3
3121	4.681e3
3121	4.678e3
3121	4.661e3
3121	4.659e3
3121	4.672e3
3121	4.701e3
3121	4.699e3
3121	4.730e3
3121	4.759e3
3121	4.772e3
3121	4.764e3
3121	4.763e3
3121	4.769e3
3122	4.766e3
3122	4.787e3
3122	4.819e3
3122	4.844e3
3122	4.857e3
3122	4.865e3
3122	4.875e3
3122	4.852e3
3122	4.860e3
3122	4.869e3
3122	4.872e3
3122	4.848e3
3122	4.826e3
3122	4.821e3
3122	4.813e3
3122	4.813e3
3122	4.821e3
3122	4.812e3
3122	4.827e3
3122	4.833e3
3122	4.829e3
3122	4.823e3
3122	4.842e3
3122	4.857e3
3122	4.873e3
3122	4.872e3
3122	4.871e3
3122	4.891e3
3122	4.892e3
3122	4.879e3
3122	4.880e3
3122	4.889e3
3122	4.902e3
3122	4.896e3
3122	4.907e3
3122	4.920e3
3122	4.909e3
3122	4.922e3
3122	4.933e3
3122	4.941e3
3122	4.965e3
3123	4.946e3
3123	4.939e3
3123	4.914e3
3123	4.912e3
3123	4.920e3
3123	4.928e3
3123	4.909e3
3123	4.924e3
3123	4.934e3
3123	4.933e3
3123	4.947e3
3123	4.947e3
3123	4.957e3
3123	4.924e3
3123	4.915e3
3123	4.914e3
3123	4.914e3
3123	4.934e3
3123	4.927e3
3123	4.924e3
3123	4.932e3
3123	4.960e3
3123	4.956e3
3123	4.927e3
3123	4.925e3
3123	4.948e3
3123	4.975e3
3123	4.995e3
3123	5.016e3
3123	5.036e3
3123	5.061e3
3123	5.080e3
3123	5.072e3
3123	5.051e3
3123	5.046e3
3123	5.059e3
3123	5.094e3
3123	5.119e3
3123	5.156e3
3123	5.161e3
3123	5.159e3
3124	5.151e3
3124	5.145e3
3124	5.154e3
3124	5.130e3
3124	5.113e3
3124	5.135e3
3124	5.114e3
3124	5.098e3
3124	5.108e3
3124	5.127e3
3124	5.136e3
3124	5.155e3
3124	5.177e3
3124	5.190e3
3124	5.188e3
3124	5.159e3
3124	5.172e3
3124	5.180e3
3124	5.177e3
3124	5.184e3
3124	5.194e3
3124	5.188e3
3124	5.170e3
3124	5.172e3
3124	5.174e3
3124	5.173e3
3124	5.161e3
3124	5.157e3
3124	5.183e3
3124	5.193e3
3124	5.212e3
3124	5.217e3
3124	5.232e3
3124	5.270e3
3124	5.279e3
3124	5.261e3
3124	5.244e3
3124	5.237e3
3124	5.237e3
3124	5.250e3
3124	5.259e3
3125	5.270e3
3125	5.290e3
3125	5.323e3
3125	5.336e3
3125	5.331e3
3125	5.321e3
3125	5.321e3
3125	5.314e3
3125	5.344e3
3125	5.386e3
3125	5.404e3
3125	5.428e3
3125	5.431e3
3125	5.446e3
3125	5.448e3
3125	5.439e3
3125	5.487e3
3125	5.522e3
3125	5.532e3
3125	5.530e3
3125	5.518e3
3125	5.517e3
3125	5.509e3
3125	5.509e3
3125	5.504e3
3125	5.519e3
3125	5.545e3
3125	5.549e3
3125	5.571e3
3125	5.596e3
3125	5.600e3
3125	5.589e3
3125	5.616e3
3125	5.657e3
3125	5.672e3
3125	5.669e3
3125	5.714e3
3125	5.742e3
3125	5.752e3
3125	5.756e3
3125	5.752e3
3126	5.756e3
3126	5.761e3
3126	5.777e3
3126	5.808e3
3126	5.833e3
3126	5.821e3
3126	5.816e3
3126	5.827e3
3126	5.841e3
3126	5.826e3
3126	5.814e3
3126	5.809e3
3126	5.784e3
3126	5.778e3
3126	5.796e3
3126	5.809e3
3126	5.797e3
3126	5.790e3
3126	5.796e3
3126	5.790e3
3126	5.801e3
3126	5.796e3
3126	5.811e3
3126	5.816e3
3126	5.831e3
3126	5.853e3
3126	5.837e3
3126	5.821e3
3126	5.830e3
3126	5.848e3
3126	5.894e3
3126	5.890e3
3126	5.887e3
3126	5.893e3
3126	5.898e3
3126	5.906e3
3126	5.916e3
3126	5.933e3
3126	5.938e3
3126	5.939e3
3126	5.939e3
3127	5.974e3
3127	5.983e3
3127	5.999e3
3127	5.999e3
3127	6.009e3
3127	5.995e3
3127	5.974e3
3127	5.982e3
3127	6.006e3
3127	6.026e3
3127	6.029e3
3127	6.019e3
3127	5.988e3
3127	5.966e3
3127	5.965e3
3127	5.990e3
3127	6.021e3
3127	6.017e3
3127	5.987e3
3127	5.980e3
3127	5.994e3
3127	5.989e3
3127	6.043e3
3127	6.069e3
3127	6.085e3
3127	6.069e3
3127	6.068e3
3127	6.087e3
3127	6.064e3
3127	6.044e3
3127	6.041e3
3127	6.053e3
3127	6.037e3
3127	6.054e3
3127	6.069e3
3127	6.068e3
3127	6.074e3
3127	6.089e3
3127	6.086e3
3127	6.094e3
3127	6.096e3
3128	6.083e3
3128	6.114e3
3128	6.153e3
3128	6.156e3
3128	6.171e3
3128	6.192e3
3128	6.188e3
3128	6.177e3
3128	6.165e3
3128	6.182e3
3128	6.190e3
3128	6.209e3
3128	6.198e3
3128	6.196e3
3128	6.208e3
3128	6.201e3
3128	6.221e3
3128	6.223e3
3128	6.240e3
3128	6.257e3
3128	6.270e3
3128	6.282e3
3128	6.280e3
3128	6.285e3
3128	6.292e3
3128	6.312e3
3128	6.317e3
3128	6.334e3
3128	6.359e3
3128	6.365e3
3128	6.384e3
3128	6.435e3
3128	6.434e3
3128	6.427e3
3128	6.418e3
3128	6.431e3
3128	6.440e3
3128	6.440e3
3128	6.467e3
3128	6.526e3
3128	6.568e3
3129	6.571e3
3129	6.565e3
3129	6.575e3
3129	6.592e3
3129	6.583e3
3129	6.606e3
3129	6.636e3
3129	6.649e3
3129	6.655e3
3129	6.665e3
3129	6.724e3
3129	6.730e3
3129	6.698e3
3129	6.708e3
3129	6.694e3
3129	6.664e3
3129	6.637e3
3129	6.619e3
3129	6.648e3
3129	6.651e3
3129	6.667e3
3129	6.669e3
3129	6.693e3
3129	6.712e3
3129	6.740e3
3129	6.764e3
3129	6.756e3
3129	6.760e3
3129	6.778e3
3129	6.776e3
3129	6.789e3
3129	6.811e3
3129	6.835e3
3129	6.853e3
3129	6.849e3
3129	6.833e3
3129	6.819e3
3129	6.801e3
3129	6.787e3
3129	6.815e3
3129	6.813e3
3130	6.797e3
3130	6.784e3
3130	6.794e3
3130	6.817e3
3130	6.840e3
3130	6.872e3
3130	6.899e3
3130	6.910e3
3130	6.866e3
3130	6.818e3
3130	6.837e3
3130	6.855e3
3130	6.853e3
3130	6.838e3
3130	6.838e3
3130	6.823e3
3130	6.819e3
3130	6.849e3
3130	6.846e3
3130	6.861e3
3130	6.860e3
3130	6.852e3
3130	6.878e3
3130	6.913e3
3130	6.954e3
3130	6.984e3
3130	7.026e3
3130	7.110e3
3130	7.122e3
3130	7.122e3
3130	7.126e3
3130	7.135e3
3130	7.117e3
3130	7.158e3
3130	7.190e3
3130	7.197e3
3130	7.234e3
3130	7.221e3
3130	7.184e3
3130	7.178e3
3130	7.187e3
3131	7.191e3
3131	7.218e3
3131	7.256e3
3131	7.278e3
3131	7.297e3
3131	7.331e3
3131	7.341e3
3131	7.366e3
3131	7.366e3
3131	7.385e3
3131	7.394e3
3131	7.413e3
3131	7.392e3
3131	7.394e3
3131	7.411e3
3131	7.381e3
3131	7.374e3
3131	7.386e3
3131	7.440e3
3131	7.480e3
3131	7.480e3
3131	7.527e3
3131	7.549e3
3131	7.573e3
3131	7.606e3
3131	7.632e3
3131	7.631e3
3131	7.607e3
3131	7.611e3
3131	7.630e3
3131	7.678e3
3131	7.720e3
3131	7.747e3
3131	7.774e3
3131	7.770e3
3131	7.795e3
3131	7.833e3
3131	7.815e3
3131	7.836e3
3131	7.870e3
3131	7.880e3
3132	7.906e3
3132	7.941e3
3132	7.935e3
3132	7.919e3
3132	7.944e3
3132	7.954e3
3132	7.973e3
3132	8.001e3
3132	8.053e3
3132	8.058e3
3132	8.082e3
3132	8.131e3
3132	8.144e3
3132	8.171e3
3132	8.206e3
3132	8.216e3
3132	8.254e3
3132	8.287e3
3132	8.326e3
3132	8.370e3
3132	8.390e3
3132	8.392e3
3132	8.423e3
3132	8.416e3
3132	8.412e3
3132	8.455e3
3132	8.467e3
3132	8.463e3
3132	8.444e3
3132	8.457e3
3132	8.465e3
3132	8.468e3
3132	8.486e3
3132	8.483e3
3132	8.485e3
3132	8.497e3
3132	8.536e3
3132	8.571e3
3132	8.588e3
3132	8.572e3
3132	8.540e3
3133	8.547e3
3133	8.565e3
3133	8.532e3
3133	8.527e3
3133	8.534e3
3133	8.564e3
3133	8.607e3
3133	8.619e3
3133	8.620e3
3133	8.626e3
3133	8.640e3
3133	8.657e3
3133	8.636e3
3133	8.622e3
3133	8.657e3
3133	8.666e3
3133	8.715e3
3133	8.737e3
3133	8.741e3
3133	8.753e3
3133	8.765e3
3133	8.764e3
3133	8.774e3
3133	8.805e3
3133	8.816e3
3133	8.836e3
3133	8.827e3
3133	8.825e3
3133	8.828e3
3133	8.827e3
3133	8.858e3
3133	8.887e3
3133	8.923e3
3133	8.963e3
3133	9.007e3
3133	9.008e3
3133	9.032e3
3133	9.095e3
3133	9.122e3
3133	9.149e3
3133	9.199e3
3134	9.221e3
3134	9.242e3
3134	9.286e3
3134	9.326e3
3134	9.372e3
3134	9.404e3
3134	9.436e3
3134	9.476e3
3134	9.496e3
3134	9.521e3
3134	9.527e3
3134	9.510e3
3134	9.539e3
3134	9.582e3
3134	9.632e3
3134	9.618e3
3134	9.587e3
3134	9.606e3
3134	9.633e3
3134	9.659e3
3134	9.658e3
3134	9.675e3
3134	9.717e3
3134	9.757e3
3134	9.742e3
3134	9.792e3
3134	9.785e3
3134	9.791e3
3134	9.777e3
3134	9.806e3
3134	9.822e3
3134	9.841e3
3134	9.847e3
3134	9.868e3
3134	9.872e3
3134	9.882e3
3134	9.923e3
3134	9.973e3
3134	9.980e3
3134	9.996e3
3134	1.003e4
3135	1.006e4
3135	1.008e4
3135	1.009e4
3135	1.008e4
3135	1.011e4
3135	1.013e4
3135	1.013e4
3135	1.014e4
3135	1.013e4
3135	1.013e4
3135	1.013e4
3135	1.011e4
3135	1.014e4
3135	1.019e4
3135	1.021e4
3135	1.018e4
3135	1.018e4
3135	1.018e4
3135	1.021e4
3135	1.023e4
3135	1.024e4
3135	1.029e4
3135	1.034e4
3135	1.040e4
3135	1.042e4
3135	1.046e4
3135	1.051e4
3135	1.053e4
3135	1.056e4
3135	1.060e4
3135	1.066e4
3135	1.074e4
3135	1.080e4
3135	1.087e4
3135	1.094e4
3135	1.093e4
3135	1.101e4
3135	1.107e4
3135	1.112e4
3135	1.116e4
3135	1.122e4
3136	1.125e4
3136	1.130e4
3136	1.133e4
3136	1.137e4
3136	1.139e4
3136	1.140e4
3136	1.141e4
3136	1.147e4
3136	1.150e4
3136	1.152e4
3136	1.158e4
3136	1.162e4
3136	1.172e4
3136	1.179e4
3136	1.184e4
3136	1.187e4
3136	1.189e4
3136	1.193e4
3136	1.201e4
3136	1.205e4
3136	1.211e4
3136	1.218e4
3136	1.225e4
3136	1.229e4
3136	1.229e4
3136	1.234e4
3136	1.240e4
3136	1.249e4
3136	1.257e4
3136	1.266e4
3136	1.272e4
3136	1.276e4
3136	1.278e4
3136	1.282e4
3136	1.283e4
3136	1.290e4
3136	1.296e4
3136	1.302e4
3136	1.310e4
3136	1.316e4
3137	1.325e4
3137	1.329e4
3137	1.338e4
3137	1.347e4
3137	1.357e4
3137	1.371e4
3137	1.384e4
3137	1.396e4
3137	1.415e4
3137	1.433e4
3137	1.451e4
3137	1.474e4
3137	1.493e4
3137	1.514e4
3137	1.535e4
3137	1.562e4
3137	1.594e4
3137	1.620e4
3137	1.650e4
3137	1.686e4
3137	1.712e4
3137	1.743e4
3137	1.778e4
3137	1.808e4
3137	1.838e4
3137	1.872e4
3137	1.910e4
3137	1.946e4
3137	1.982e4
3137	2.019e4
3137	2.056e4
3137	2.090e4
3137	2.129e4
3137	2.163e4
3137	2.201e4
3137	2.241e4
3137	2.280e4
3137	2.314e4
3137	2.348e4
3137	2.381e4
3137	2.413e4
3138	2.454e4
3138	2.488e4
3138	2.522e4
3138	2.549e4
3138	2.584e4
3138	2.608e4
3138	2.637e4
3138	2.666e4
3138	2.693e4
3138	2.716e4
3138	2.736e4
3138	2.754e4
3138	2.770e4
3138	2.784e4
3138	2.798e4
3138	2.812e4
3138	2.817e4
3138	2.824e4
3138	2.833e4
3138	2.838e4
3138	2.842e4
3138	2.843e4
3138	2.847e4
3138	2.849e4
3138	2.852e4
3138	2.850e4
3138	2.846e4
3138	2.843e4
3138	2.840e4
3138	2.829e4
3138	2.822e4
3138	2.815e4
3138	2.800e4
3138	2.790e4
3138	2.783e4
3138	2.776e4
3138	2.761e4
3138	2.751e4
3138	2.743e4
3138	2.728e4
3138	2.715e4
3139	2.708e4
3139	2.696e4
3139	2.681e4
3139	2.671e4
3139	2.665e4
3139	2.658e4
3139	2.661e4
3139	2.659e4
3139	2.661e4
3139	2.661e4
3139	2.660e4
3139	2.669e4
3139	2.682e4
3139	2.702e4
3139	2.721e4
3139	2.739e4
3139	2.759e4
3139	2.781e4
3139	2.807e4
3139	2.833e4
3139	2.862e4
3139	2.892e4
3139	2.927e4
3139	2.964e4
3139	3.003e4
3139	3.042e4
3139	3.086e4
3139	3.126e4
3139	3.164e4
3139	3.204e4
3139	3.250e4
3139	3.293e4
3139	3.328e4
3139	3.371e4
3139	3.415e4
3139	3.457e4
3139	3.491e4
3139	3.530e4
3139	3.567e4
3139	3.607e4
3139	3.650e4
3140	3.685e4
3140	3.724e4
3140	3.759e4
3140	3.791e4
3140	3.820e4
3140	3.844e4
3140	3.873e4
3140	3.904e4
3140	3.934e4
3140	3.956e4
3140	3.977e4
3140	3.998e4
3140	4.019e4
3140	4.034e4
3140	4.048e4
3140	4.057e4
3140	4.059e4
3140	4.065e4
3140	4.069e4
3140	4.073e4
3140	4.072e4
3140	4.064e4
3140	4.054e4
3140	4.037e4
3140	4.016e4
3140	4.002e4
3140	3.982e4
3140	3.965e4
3140	3.939e4
3140	3.915e4
3140	3.894e4
3140	3.879e4
3140	3.854e4
3140	3.828e4
3140	3.805e4
3140	3.780e4
3140	3.753e4
3140	3.734e4
3140	3.708e4
3140	3.688e4
3140	3.665e4
3141	3.639e4
3141	3.623e4
3141	3.608e4
3141	3.589e4
3141	3.573e4
3141	3.562e4
3141	3.556e4
3141	3.546e4
3141	3.540e4
3141	3.535e4
3141	3.537e4
3141	3.535e4
3141	3.538e4
3141	3.539e4
3141	3.547e4
3141	3.559e4
3141	3.561e4
3141	3.565e4
3141	3.577e4
3141	3.606e4
3141	3.626e4
3141	3.643e4
3141	3.670e4
3141	3.701e4
3141	3.724e4
3141	3.753e4
3141	3.781e4
3141	3.811e4
3141	3.836e4
3141	3.862e4
3141	3.888e4
3141	3.912e4
3141	3.939e4
3141	3.978e4
3141	4.011e4
3141	4.047e4
3141	4.082e4
3141	4.111e4
3141	4.146e4
3141	4.182e4
3141	4.209e4
3142	4.229e4
3142	4.261e4
3142	4.282e4
3142	4.303e4
3142	4.326e4
3142	4.345e4
3142	4.356e4
3142	4.374e4
3142	4.383e4
3142	4.392e4
3142	4.407e4
3142	4.414e4
3142	4.415e4
3142	4.414e4
3142	4.417e4
3142	4.421e4
3142	4.416e4
3142	4.409e4
3142	4.398e4
3142	4.386e4
3142	4.369e4
3142	4.347e4
3142	4.325e4
3142	4.312e4
3142	4.293e4
3142	4.275e4
3142	4.262e4
3142	4.238e4
3142	4.214e4
3142	4.178e4
3142	4.150e4
3142	4.122e4
3142	4.088e4
3142	4.054e4
3142	4.024e4
3142	3.995e4
3142	3.967e4
3142	3.940e4
3142	3.915e4
3142	3.890e4
3142	3.874e4
3143	3.859e4
3143	3.840e4
3143	3.812e4
3143	3.794e4
3143	3.775e4
3143	3.755e4
3143	3.741e4
3143	3.727e4
3143	3.717e4
3143	3.705e4
3143	3.694e4
3143	3.679e4
3143	3.676e4
3143	3.669e4
3143	3.666e4
3143	3.676e4
3143	3.687e4
3143	3.691e4
3143	3.697e4
3143	3.706e4
3143	3.712e4
3143	3.721e4
3143	3.732e4
3143	3.744e4
3143	3.751e4
3143	3.764e4
3143	3.775e4
3143	3.781e4
3143	3.792e4
3143	3.806e4
3143	3.822e4
3143	3.839e4
3143	3.855e4
3143	3.872e4
3143	3.886e4
3143	3.906e4
3143	3.927e4
3143	3.950e4
3143	3.967e4
3143	3.983e4
3143	4.002e4
3144	4.018e4
3144	4.027e4
3144	4.034e4
3144	4.043e4
3144	4.049e4
3144	4.055e4
3144	4.057e4
3144	4.057e4
3144	4.059e4
3144	4.056e4
3144	4.049e4
3144	4.039e4
3144	4.036e4
3144	4.031e4
3144	4.020e4
3144	4.007e4
3144	3.986e4
3144	3.968e4
3144	3.947e4
3144	3.927e4
3144	3.914e4
3144	3.894e4
3144	3.873e4
3144	3.853e4
3144	3.828e4
3144	3.800e4
3144	3.772e4
3144	3.748e4
3144	3.721e4
3144	3.698e4
3144	3.669e4
3144	3.637e4
3144	3.604e4
3144	3.580e4
3144	3.560e4
3144	3.525e4
3144	3.502e4
3144	3.491e4
3144	3.468e4
3144	3.442e4
3145	3.418e4
3145	3.400e4
3145	3.378e4
3145	3.349e4
3145	3.330e4
3145	3.307e4
3145	3.279e4
3145	3.263e4
3145	3.251e4
3145	3.231e4
3145	3.212e4
3145	3.203e4
3145	3.199e4
3145	3.196e4
3145	3.187e4
3145	3.185e4
3145	3.180e4
3145	3.173e4
3145	3.172e4
3145	3.166e4
3145	3.162e4
3145	3.165e4
3145	3.167e4
3145	3.171e4
3145	3.171e4
3145	3.178e4
3145	3.186e4
3145	3.192e4
3145	3.200e4
3145	3.206e4
3145	3.215e4
3145	3.222e4
3145	3.234e4
3145	3.243e4
3145	3.244e4
3145	3.252e4
3145	3.259e4
3145	3.261e4
3145	3.262e4
3145	3.262e4
3145	3.260e4
3146	3.266e4
3146	3.270e4
3146	3.273e4
3146	3.277e4
3146	3.276e4
3146	3.274e4
3146	3.270e4
3146	3.261e4
3146	3.255e4
3146	3.248e4
3146	3.239e4
3146	3.231e4
3146	3.222e4
3146	3.217e4
3146	3.204e4
3146	3.193e4
3146	3.183e4
3146	3.158e4
3146	3.137e4
3146	3.124e4
3146	3.104e4
3146	3.082e4
3146	3.062e4
3146	3.041e4
3146	3.024e4
3146	2.999e4
3146	2.978e4
3146	2.961e4
3146	2.944e4
3146	2.931e4
3146	2.911e4
3146	2.887e4
3146	2.870e4
3146	2.847e4
3146	2.828e4
3146	2.811e4
3146	2.793e4
3146	2.776e4
3146	2.761e4
3146	2.744e4
3146	2.728e4
3147	2.708e4
3147	2.689e4
3147	2.670e4
3147	2.661e4
3147	2.644e4
3147	2.626e4
3147	2.614e4
3147	2.606e4
3147	2.598e4
3147	2.590e4
3147	2.579e4
3147	2.575e4
3147	2.569e4
3147	2.558e4
3147	2.547e4
3147	2.542e4
3147	2.535e4
3147	2.531e4
3147	2.534e4
3147	2.537e4
3147	2.535e4
3147	2.536e4
3147	2.538e4
3147	2.537e4
3147	2.539e4
3147	2.540e4
3147	2.544e4
3147	2.552e4
3147	2.553e4
3147	2.554e4
3147	2.560e4
3147	2.560e4
3147	2.561e4
3147	2.561e4
3147	2.566e4
3147	2.570e4
3147	2.571e4
3147	2.570e4
3147	2.567e4
3147	2.561e4
3147	2.565e4
3148	2.570e4
3148	2.572e4
3148	2.571e4
3148	2.564e4
3148	2.556e4
3148	2.551e4
3148	2.541e4
3148	2.532e4
3148	2.531e4
3148	2.520e4
3148	2.507e4
3148	2.495e4
3148	2.491e4
3148	2.479e4
3148	2.468e4
3148	2.458e4
3148	2.451e4
3148	2.438e4
3148	2.427e4
3148	2.416e4
3148	2.401e4
3148	2.383e4
3148	2.369e4
3148	2.355e4
3148	2.347e4
3148	2.339e4
3148	2.325e4
3148	2.316e4
3148	2.296e4
3148	2.277e4
3148	2.263e4
3148	2.246e4
3148	2.232e4
3148	2.222e4
3148	2.207e4
3148	2.193e4
3148	2.177e4
3148	2.163e4
3148	2.155e4
3148	2.144e4
3148	2.132e4
3149	2.128e4
3149	2.125e4
3149	2.113e4
3149	2.104e4
3149	2.093e4
3149	2.089e4
3149	2.084e4
3149	2.075e4
3149	2.072e4
3149	2.065e4
3149	2.059e4
3149	2.052e4
3149	2.046e4
3149	2.044e4
3149	2.040e4
3149	2.034e4
3149	2.034e4
3149	2.032e4
3149	2.024e4
3149	2.022e4
3149	2.023e4
3149	2.027e4
3149	2.025e4
3149	2.025e4
3149	2.028e4
3149	2.028e4
3149	2.025e4
3149	2.022e4
3149	2.020e4
3149	2.016e4
3149	2.015e4
3149	2.015e4
3149	2.014e4
3149	2.013e4
3149	2.009e4
3149	2.004e4
3149	2.004e4
3149	1.995e4
3149	1.993e4
3149	1.991e4
3149	1.986e4
3150	1.983e4
3150	1.983e4
3150	1.972e4
3150	1.967e4
3150	1.964e4
3150	1.959e4
3150	1.953e4
3150	1.948e4
3150	1.941e4
3150	1.933e4
3150	1.919e4
3150	1.902e4
3150	1.896e4
3150	1.889e4
3150	1.883e4
3150	1.871e4
3150	1.857e4
3150	1.848e4
3150	1.836e4
3150	1.827e4
3150	1.815e4
3150	1.804e4
3150	1.793e4
3150	1.784e4
3150	1.774e4
3150	1.765e4
3150	1.760e4
3150	1.751e4
3150	1.742e4
3150	1.737e4
3150	1.731e4
3150	1.722e4
3150	1.716e4
3150	1.708e4
3150	1.696e4
3150	1.687e4
3150	1.675e4
3150	1.669e4
3150	1.664e4
3150	1.656e4
3151	1.655e4
3151	1.652e4
3151	1.650e4
3151	1.644e4
3151	1.637e4
3151	1.634e4
3151	1.634e4
3151	1.633e4
3151	1.626e4
3151	1.622e4
3151	1.620e4
3151	1.618e4
3151	1.613e4
3151	1.613e4
3151	1.611e4
3151	1.607e4
3151	1.606e4
3151	1.604e4
3151	1.599e4
3151	1.600e4
3151	1.597e4
3151	1.597e4
3151	1.596e4
3151	1.593e4
3151	1.584e4
3151	1.578e4
3151	1.575e4
3151	1.578e4
3151	1.574e4
3151	1.575e4
3151	1.573e4
3151	1.575e4
3151	1.573e4
3151	1.572e4
3151	1.568e4
3151	1.564e4
3151	1.557e4
3151	1.554e4
3151	1.547e4
3151	1.540e4
3151	1.532e4
3152	1.525e4
3152	1.517e4
3152	1.511e4
3152	1.505e4
3152	1.499e4
3152	1.494e4
3152	1.492e4
3152	1.487e4
3152	1.481e4
3152	1.473e4
3152	1.461e4
3152	1.453e4
3152	1.443e4
3152	1.436e4
3152	1.429e4
3152	1.421e4
3152	1.409e4
3152	1.401e4
3152	1.397e4
3152	1.393e4
3152	1.385e4
3152	1.379e4
3152	1.375e4
3152	1.370e4
3152	1.365e4
3152	1.359e4
3152	1.353e4
3152	1.348e4
3152	1.340e4
3152	1.338e4
3152	1.335e4
3152	1.328e4
3152	1.326e4
3152	1.323e4
3152	1.322e4
3152	1.320e4
3152	1.318e4
3152	1.314e4
3152	1.311e4
3152	1.306e4
3152	1.300e4
3153	1.292e4
3153	1.290e4
3153	1.287e4
3153	1.280e4
3153	1.278e4
3153	1.280e4
3153	1.276e4
3153	1.277e4
3153	1.278e4
3153	1.279e4
3153	1.283e4
3153	1.285e4
3153	1.285e4
3153	1.283e4
3153	1.285e4
3153	1.285e4
3153	1.285e4
3153	1.282e4
3153	1.282e4
3153	1.285e4
3153	1.286e4
3153	1.283e4
3153	1.283e4
3153	1.285e4
3153	1.287e4
3153	1.289e4
3153	1.291e4
3153	1.289e4
3153	1.289e4
3153	1.287e4
3153	1.291e4
3153	1.298e4
3153	1.296e4
3153	1.294e4
3153	1.292e4
3153	1.292e4
3153	1.292e4
3153	1.293e4
3153	1.292e4
3153	1.286e4
3153	1.284e4
3154	1.289e4
3154	1.288e4
3154	1.287e4
3154	1.290e4
3154	1.288e4
3154	1.286e4
3154	1.284e4
3154	1.284e4
3154	1.282e4
3154	1.279e4
3154	1.275e4
3154	1.269e4
3154	1.263e4
3154	1.264e4
3154	1.261e4
3154	1.256e4
3154	1.253e4
3154	1.251e4
3154	1.248e4
3154	1.244e4
3154	1.237e4
3154	1.231e4
3154	1.226e4
3154	1.221e4
3154	1.218e4
3154	1.214e4
3154	1.211e4
3154	1.211e4
3154	1.207e4
3154	1.204e4
3154	1.201e4
3154	1.198e4
3154	1.194e4
3154	1.189e4
3154	1.186e4
3154	1.178e4
3154	1.174e4
3154	1.171e4
3154	1.170e4
3154	1.170e4
3155	1.164e4
3155	1.152e4
3155	1.148e4
3155	1.145e4
3155	1.141e4
3155	1.140e4
3155	1.138e4
3155	1.135e4
3155	1.132e4
3155	1.128e4
3155	1.126e4
3155	1.120e4
3155	1.119e4
3155	1.115e4
3155	1.107e4
3155	1.103e4
3155	1.098e4
3155	1.098e4
3155	1.097e4
3155	1.096e4
3155	1.098e4
3155	1.101e4
3155	1.102e4
3155	1.107e4
3155	1.108e4
3155	1.110e4
3155	1.112e4
3155	1.114e4
3155	1.114e4
3155	1.119e4
3155	1.122e4
3155	1.128e4
3155	1.132e4
3155	1.136e4
3155	1.141e4
3155	1.144e4
3155	1.143e4
3155	1.145e4
3155	1.147e4
3155	1.149e4
3155	1.150e4
3156	1.152e4
3156	1.152e4
3156	1.155e4
3156	1.156e4
3156	1.156e4
3156	1.162e4
3156	1.165e4
3156	1.165e4
3156	1.165e4
3156	1.165e4
3156	1.166e4
3156	1.167e4
3156	1.163e4
3156	1.162e4
3156	1.159e4
3156	1.159e4
3156	1.157e4
3156	1.154e4
3156	1.154e4
3156	1.152e4
3156	1.155e4
3156	1.153e4
3156	1.149e4
3156	1.147e4
3156	1.148e4
3156	1.150e4
3156	1.153e4
3156	1.149e4
3156	1.143e4
3156	1.140e4
3156	1.136e4
3156	1.132e4
3156	1.132e4
3156	1.127e4
3156	1.125e4
3156	1.120e4
3156	1.117e4
3156	1.116e4
3156	1.111e4
3156	1.105e4
3156	1.098e4
3157	1.087e4
3157	1.081e4
3157	1.075e4
3157	1.069e4
3157	1.061e4
3157	1.060e4
3157	1.056e4
3157	1.051e4
3157	1.047e4
3157	1.042e4
3157	1.038e4
3157	1.037e4
3157	1.038e4
3157	1.038e4
3157	1.036e4
3157	1.030e4
3157	1.024e4
3157	1.022e4
3157	1.018e4
3157	1.019e4
3157	1.019e4
3157	1.016e4
3157	1.014e4
3157	1.014e4
3157	1.017e4
3157	1.015e4
3157	1.018e4
3157	1.021e4
3157	1.021e4
3157	1.023e4
3157	1.021e4
3157	1.021e4
3157	1.024e4
3157	1.029e4
3157	1.028e4
3157	1.028e4
3157	1.027e4
3157	1.030e4
3157	1.033e4
3157	1.035e4
3157	1.038e4
3158	1.038e4
3158	1.035e4
3158	1.033e4
3158	1.032e4
3158	1.035e4
3158	1.033e4
3158	1.030e4
3158	1.030e4
3158	1.028e4
3158	1.030e4
3158	1.031e4
3158	1.029e4
3158	1.025e4
3158	1.021e4
3158	1.022e4
3158	1.021e4
3158	1.021e4
3158	1.017e4
3158	1.016e4
3158	1.016e4
3158	1.015e4
3158	1.016e4
3158	1.014e4
3158	1.009e4
3158	1.008e4
3158	1.008e4
3158	1.008e4
3158	1.006e4
3158	1.009e4
3158	1.006e4
3158	1.004e4
3158	1.006e4
3158	1.008e4
3158	1.008e4
3158	1.008e4
3158	1.007e4
3158	1.001e4
3158	9.993e3
3158	1.001e4
3158	1.004e4
3158	1.003e4
3159	1.005e4
3159	1.003e4
3159	1.001e4
3159	1.004e4
3159	1.006e4
3159	1.007e4
3159	1.007e4
3159	1.007e4
3159	1.008e4
3159	1.013e4
3159	1.018e4
3159	1.021e4
3159	1.025e4
3159	1.029e4
3159	1.031e4
3159	1.035e4
3159	1.039e4
3159	1.042e4
3159	1.047e4
3159	1.051e4
3159	1.057e4
3159	1.060e4
3159	1.068e4
3159	1.073e4
3159	1.075e4
3159	1.082e4
3159	1.087e4
3159	1.095e4
3159	1.100e4
3159	1.105e4
3159	1.112e4
3159	1.115e4
3159	1.121e4
3159	1.125e4
3159	1.126e4
3159	1.127e4
3159	1.129e4
3159	1.132e4
3159	1.132e4
3159	1.136e4
3160	1.138e4
3160	1.140e4
3160	1.144e4
3160	1.143e4
3160	1.139e4
3160	1.139e4
3160	1.141e4
3160	1.140e4
3160	1.140e4
3160	1.140e4
3160	1.141e4
3160	1.142e4
3160	1.143e4
3160	1.140e4
3160	1.134e4
3160	1.131e4
3160	1.127e4
3160	1.123e4
3160	1.122e4
3160	1.117e4
3160	1.111e4
3160	1.108e4
3160	1.105e4
3160	1.101e4
3160	1.098e4
3160	1.096e4
3160	1.094e4
3160	1.094e4
3160	1.094e4
3160	1.094e4
3160	1.092e4
3160	1.090e4
3160	1.090e4
3160	1.090e4
3160	1.093e4
3160	1.091e4
3160	1.088e4
3160	1.086e4
3160	1.087e4
3160	1.089e4
3160	1.090e4
3161	1.089e4
3161	1.095e4
3161	1.095e4
3161	1.102e4
3161	1.106e4
3161	1.111e4
3161	1.117e4
3161	1.126e4
3161	1.131e4
3161	1.132e4
3161	1.139e4
3161	1.145e4
3161	1.152e4
3161	1.159e4
3161	1.168e4
3161	1.177e4
3161	1.184e4
3161	1.189e4
3161	1.197e4
3161	1.203e4
3161	1.209e4
3161	1.213e4
3161	1.221e4
3161	1.235e4
3161	1.244e4
3161	1.252e4
3161	1.262e4
3161	1.268e4
3161	1.276e4
3161	1.286e4
3161	1.298e4
3161	1.303e4
3161	1.311e4
3161	1.317e4
3161	1.322e4
3161	1.327e4
3161	1.332e4
3161	1.332e4
3161	1.336e4
3161	1.339e4
3161	1.341e4
3162	1.344e4
3162	1.346e4
3162	1.344e4
3162	1.343e4
3162	1.347e4
3162	1.346e4
3162	1.343e4
3162	1.344e4
3162	1.342e4
3162	1.340e4
3162	1.337e4
3162	1.333e4
3162	1.328e4
3162	1.319e4
3162	1.316e4
3162	1.314e4
3162	1.308e4
3162	1.299e4
3162	1.296e4
3162	1.293e4
3162	1.286e4
3162	1.283e4
3162	1.280e4
3162	1.275e4
3162	1.269e4
3162	1.262e4
3162	1.254e4
3162	1.253e4
3162	1.247e4
3162	1.241e4
3162	1.237e4
3162	1.235e4
3162	1.230e4
3162	1.219e4
3162	1.217e4
3162	1.218e4
3162	1.217e4
3162	1.220e4
3162	1.217e4
3162	1.211e4
3162	1.204e4
3163	1.203e4
3163	1.200e4
3163	1.202e4
3163	1.206e4
3163	1.206e4
3163	1.210e4
3163	1.216e4
3163	1.219e4
3163	1.222e4
3163	1.226e4
3163	1.231e4
3163	1.239e4
3163	1.249e4
3163	1.258e4
3163	1.264e4
3163	1.275e4
3163	1.285e4
3163	1.292e4
3163	1.298e4
3163	1.307e4
3163	1.314e4
3163	1.319e4
3163	1.323e4
3163	1.330e4
3163	1.340e4
3163	1.344e4
3163	1.349e4
3163	1.353e4
3163	1.355e4
3163	1.361e4
3163	1.368e4
3163	1.373e4
3163	1.377e4
3163	1.385e4
3163	1.390e4
3163	1.393e4
3163	1.398e4
3163	1.400e4
3163	1.404e4
3163	1.401e4
3164	1.401e4
3164	1.402e4
3164	1.403e4
3164	1.404e4
3164	1.403e4
3164	1.398e4
3164	1.393e4
3164	1.390e4
3164	1.388e4
3164	1.388e4
3164	1.385e4
3164	1.378e4
3164	1.375e4
3164	1.366e4
3164	1.355e4
3164	1.353e4
3164	1.349e4
3164	1.343e4
3164	1.336e4
3164	1.329e4
3164	1.326e4
3164	1.319e4
3164	1.308e4
3164	1.298e4
3164	1.290e4
3164	1.284e4
3164	1.276e4
3164	1.268e4
3164	1.259e4
3164	1.252e4
3164	1.245e4
3164	1.240e4
3164	1.233e4
3164	1.232e4
3164	1.229e4
3164	1.224e4
3164	1.222e4
3164	1.226e4
3164	1.230e4
3164	1.232e4
3164	1.230e4
3165	1.228e4
3165	1.225e4
3165	1.218e4
3165	1.212e4
3165	1.212e4
3165	1.214e4
3165	1.215e4
3165	1.214e4
3165	1.216e4
3165	1.226e4
3165	1.231e4
3165	1.232e4
3165	1.233e4
3165	1.235e4
3165	1.236e4
3165	1.240e4
3165	1.243e4
3165	1.248e4
3165	1.256e4
3165	1.263e4
3165	1.271e4
3165	1.279e4
3165	1.288e4
3165	1.300e4
3165	1.308e4
3165	1.310e4
3165	1.312e4
3165	1.315e4
3165	1.319e4
3165	1.322e4
3165	1.325e4
3165	1.328e4
3165	1.331e4
3165	1.334e4
3165	1.335e4
3165	1.333e4
3165	1.332e4
3165	1.332e4
3165	1.332e4
3165	1.328e4
3165	1.325e4
3166	1.322e4
3166	1.323e4
3166	1.321e4
3166	1.318e4
3166	1.311e4
3166	1.306e4
3166	1.296e4
3166	1.289e4
3166	1.279e4
3166	1.269e4
3166	1.262e4
3166	1.257e4
3166	1.252e4
3166	1.247e4
3166	1.238e4
3166	1.234e4
3166	1.229e4
3166	1.224e4
3166	1.217e4
3166	1.207e4
3166	1.200e4
3166	1.193e4
3166	1.187e4
3166	1.182e4
3166	1.177e4
3166	1.173e4
3166	1.166e4
3166	1.158e4
3166	1.148e4
3166	1.138e4
3166	1.130e4
3166	1.124e4
3166	1.115e4
3166	1.106e4
3166	1.101e4
3166	1.096e4
3166	1.091e4
3166	1.084e4
3166	1.080e4
3166	1.074e4
3167	1.070e4
3167	1.067e4
3167	1.067e4
3167	1.065e4
3167	1.063e4
3167	1.062e4
3167	1.060e4
3167	1.063e4
3167	1.068e4
3167	1.072e4
3167	1.073e4
3167	1.074e4
3167	1.073e4
3167	1.070e4
3167	1.069e4
3167	1.075e4
3167	1.081e4
3167	1.086e4
3167	1.091e4
3167	1.097e4
3167	1.099e4
3167	1.100e4
3167	1.101e4
3167	1.104e4
3167	1.109e4
3167	1.110e4
3167	1.108e4
3167	1.111e4
3167	1.112e4
3167	1.110e4
3167	1.108e4
3167	1.107e4
3167	1.105e4
3167	1.104e4
3167	1.104e4
3167	1.102e4
3167	1.098e4
3167	1.096e4
3167	1.095e4
3167	1.092e4
3167	1.089e4
3168	1.087e4
3168	1.085e4
3168	1.082e4
3168	1.079e4
3168	1.075e4
3168	1.069e4
3168	1.063e4
3168	1.058e4
3168	1.053e4
3168	1.050e4
3168	1.044e4
3168	1.042e4
3168	1.036e4
3168	1.030e4
3168	1.025e4
3168	1.022e4
3168	1.019e4
3168	1.011e4
3168	9.996e3
3168	9.949e3
3168	9.910e3
3168	9.853e3
3168	9.809e3
3168	9.796e3
3168	9.755e3
3168	9.669e3
3168	9.572e3
3168	9.507e3
3168	9.409e3
3168	9.333e3
3168	9.292e3
3168	9.242e3
3168	9.206e3
3168	9.179e3
3168	9.119e3
3168	9.091e3
3168	9.071e3
3168	9.003e3
3168	8.964e3
3168	8.953e3
3168	8.953e3
3169	8.951e3
3169	8.943e3
3169	8.939e3
3169	8.902e3
3169	8.895e3
3169	8.888e3
3169	8.896e3
3169	8.895e3
3169	8.898e3
3169	8.913e3
3169	8.915e3
3169	8.895e3
3169	8.909e3
3169	8.910e3
3169	8.905e3
3169	8.933e3
3169	8.968e3
3169	9.000e3
3169	8.996e3
3169	8.991e3
3169	8.997e3
3169	8.976e3
3169	8.982e3
3169	8.999e3
3169	9.011e3
3169	8.984e3
3169	9.009e3
3169	9.000e3
3169	9.000e3
3169	8.951e3
3169	8.919e3
3169	8.911e3
3169	8.870e3
3169	8.810e3
3169	8.815e3
3169	8.802e3
3169	8.786e3
3169	8.775e3
3169	8.754e3
3169	8.745e3
3170	8.736e3
3170	8.720e3
3170	8.661e3
3170	8.595e3
3170	8.577e3
3170	8.557e3
3170	8.529e3
3170	8.498e3
3170	8.471e3
3170	8.448e3
3170	8.388e3
3170	8.341e3
3170	8.292e3
3170	8.262e3
3170	8.243e3
3170	8.219e3
3170	8.200e3
3170	8.173e3
3170	8.125e3
3170	8.108e3
3170	8.061e3
3170	8.001e3
3170	7.972e3
3170	7.924e3
3170	7.882e3
3170	7.868e3
3170	7.842e3
3170	7.796e3
3170	7.747e3
3170	7.738e3
3170	7.718e3
3170	7.678e3
3170	7.654e3
3170	7.600e3
3170	7.567e3
3170	7.523e3
3170	7.496e3
3170	7.450e3
3170	7.427e3
3170	7.443e3
3170	7.455e3
3171	7.459e3
3171	7.456e3
3171	7.460e3
3171	7.475e3
3171	7.463e3
3171	7.452e3
3171	7.457e3
3171	7.442e3
3171	7.465e3
3171	7.470e3
3171	7.482e3
3171	7.483e3
3171	7.499e3
3171	7.521e3
3171	7.527e3
3171	7.536e3
3171	7.522e3
3171	7.522e3
3171	7.513e3
3171	7.482e3
3171	7.501e3
3171	7.491e3
3171	7.489e3
3171	7.478e3
3171	7.488e3
3171	7.478e3
3171	7.432e3
3171	7.376e3
3171	7.336e3
3171	7.301e3
3171	7.301e3
3171	7.300e3
3171	7.258e3
3171	7.241e3
3171	7.218e3
3171	7.184e3
3171	7.171e3
3171	7.150e3
3171	7.162e3
3171	7.149e3
3171	7.129e3
3172	7.099e3
3172	7.062e3
3172	7.068e3
3172	7.052e3
3172	7.037e3
3172	7.011e3
3172	6.975e3
3172	6.953e3
3172	6.891e3
3172	6.857e3
3172	6.834e3
3172	6.772e3
3172	6.732e3
3172	6.673e3
3172	6.637e3
3172	6.600e3
3172	6.570e3
3172	6.551e3
3172	6.515e3
3172	6.469e3
3172	6.415e3
3172	6.372e3
3172	6.365e3
3172	6.355e3
3172	6.303e3
3172	6.263e3
3172	6.257e3
3172	6.239e3
3172	6.214e3
3172	6.199e3
3172	6.169e3
3172	6.149e3
3172	6.128e3
3172	6.081e3
3172	6.037e3
3172	6.041e3
3172	6.041e3
3172	6.044e3
3172	6.054e3
3172	6.047e3
3173	6.011e3
3173	5.977e3
3173	5.968e3
3173	5.955e3
3173	5.922e3
3173	5.900e3
3173	5.866e3
3173	5.852e3
3173	5.822e3
3173	5.803e3
3173	5.776e3
3173	5.736e3
3173	5.722e3
3173	5.697e3
3173	5.701e3
3173	5.688e3
3173	5.667e3
3173	5.649e3
3173	5.627e3
3173	5.644e3
3173	5.647e3
3173	5.646e3
3173	5.659e3
3173	5.680e3
3173	5.680e3
3173	5.663e3
3173	5.662e3
3173	5.632e3
3173	5.602e3
3173	5.574e3
3173	5.568e3
3173	5.551e3
3173	5.548e3
3173	5.510e3
3173	5.474e3
3173	5.476e3
3173	5.464e3
3173	5.436e3
3173	5.415e3
3173	5.391e3
3173	5.376e3
3174	5.369e3
3174	5.367e3
3174	5.364e3
3174	5.356e3
3174	5.333e3
3174	5.305e3
3174	5.290e3
3174	5.280e3
3174	5.274e3
3174	5.256e3
3174	5.246e3
3174	5.264e3
3174	5.281e3
3174	5.274e3
3174	5.263e3
3174	5.287e3
3174	5.291e3
3174	5.273e3
3174	5.258e3
3174	5.255e3
3174	5.267e3
3174	5.286e3
3174	5.272e3
3174	5.268e3
3174	5.228e3
3174	5.220e3
3174	5.226e3
3174	5.232e3
3174	5.223e3
3174	5.209e3
3174	5.198e3
3174	5.171e3
3174	5.158e3
3174	5.136e3
3174	5.115e3
3174	5.105e3
3174	5.087e3
3174	5.092e3
3174	5.093e3
3174	5.100e3
3174	5.094e3
3175	5.104e3
3175	5.098e3
3175	5.096e3
3175	5.091e3
3175	5.083e3
3175	5.076e3
3175	5.064e3
3175	5.054e3
3175	5.060e3
3175	5.042e3
3175	5.021e3
3175	4.990e3
3175	4.979e3
3175	4.976e3
3175	4.982e3
3175	4.963e3
3175	4.947e3
3175	4.943e3
3175	4.938e3
3175	4.963e3
3175	4.952e3
3175	4.911e3
3175	4.884e3
3175	4.879e3
3175	4.886e3
3175	4.864e3
3175	4.848e3
3175	4.838e3
3175	4.817e3
3175	4.803e3
3175	4.773e3
3175	4.768e3
3175	4.755e3
3175	4.731e3
3175	4.723e3
3175	4.704e3
3175	4.696e3
3175	4.667e3
3175	4.650e3
3175	4.647e3
3176	4.622e3
3176	4.601e3
3176	4.606e3
3176	4.605e3
3176	4.626e3
3176	4.641e3
3176	4.657e3
3176	4.635e3
3176	4.620e3
3176	4.591e3
3176	4.561e3
3176	4.567e3
3176	4.561e3
3176	4.551e3
3176	4.529e3
3176	4.513e3
3176	4.503e3
3176	4.498e3
3176	4.489e3
3176	4.477e3
3176	4.470e3
3176	4.457e3
3176	4.474e3
3176	4.454e3
3176	4.440e3
3176	4.448e3
3176	4.474e3
3176	4.485e3
3176	4.472e3
3176	4.445e3
3176	4.398e3
3176	4.403e3
3176	4.407e3
3176	4.396e3
3176	4.383e3
3176	4.378e3
3176	4.368e3
3176	4.356e3
3176	4.356e3
3176	4.368e3
3176	4.350e3
3177	4.359e3
3177	4.358e3
3177	4.392e3
3177	4.395e3
3177	4.384e3
3177	4.389e3
3177	4.375e3
3177	4.385e3
3177	4.386e3
3177	4.350e3
3177	4.340e3
3177	4.345e3
3177	4.316e3
3177	4.282e3
3177	4.270e3
3177	4.259e3
3177	4.234e3
3177	4.203e3
3177	4.192e3
3177	4.228e3
3177	4.254e3
3177	4.222e3
3177	4.229e3
3177	4.221e3
3177	4.213e3
3177	4.207e3
3177	4.186e3
3177	4.169e3
3177	4.166e3
3177	4.157e3
3177	4.168e3
3177	4.173e3
3177	4.133e3
3177	4.121e3
3177	4.123e3
3177	4.100e3
3177	4.059e3
3177	4.037e3
3177	4.044e3
3177	4.057e3
3177	4.047e3
3178	4.024e3
3178	4.014e3
3178	4.019e3
3178	4.000e3
3178	3.992e3
3178	3.995e3
3178	3.978e3
3178	3.963e3
3178	3.943e3
3178	3.937e3
3178	3.941e3
3178	3.926e3
3178	3.886e3
3178	3.868e3
3178	3.879e3
3178	3.865e3
3178	3.849e3
3178	3.824e3
3178	3.819e3
3178	3.815e3
3178	3.814e3
3178	3.815e3
3178	3.816e3
3178	3.825e3
3178	3.826e3
3178	3.815e3
3178	3.789e3
3178	3.804e3
3178	3.792e3
3178	3.755e3
3178	3.709e3
3178	3.704e3
3178	3.677e3
3178	3.671e3
3178	3.677e3
3178	3.675e3
3178	3.690e3
3178	3.701e3
3178	3.703e3
3178	3.706e3
3179	3.688e3
3179	3.674e3
3179	3.702e3
3179	3.723e3
3179	3.742e3
3179	3.745e3
3179	3.754e3
3179	3.759e3
3179	3.740e3
3179	3.731e3
3179	3.731e3
3179	3.727e3
3179	3.720e3
3179	3.701e3
3179	3.686e3
3179	3.685e3
3179	3.676e3
3179	3.671e3
3179	3.672e3
3179	3.663e3
3179	3.651e3
3179	3.610e3
3179	3.606e3
3179	3.613e3
3179	3.614e3
3179	3.601e3
3179	3.605e3
3179	3.614e3
3179	3.619e3
3179	3.599e3
3179	3.603e3
3179	3.595e3
3179	3.584e3
3179	3.605e3
3179	3.609e3
3179	3.614e3
3179	3.607e3
3179	3.634e3
3179	3.646e3
3179	3.639e3
3179	3.630e3
3180	3.633e3
3180	3.643e3
3180	3.642e3
3180	3.623e3
3180	3.616e3
3180	3.608e3
3180	3.591e3
3180	3.576e3
3180	3.570e3
3180	3.547e3
3180	3.539e3
3180	3.533e3
3180	3.506e3
3180	3.494e3
3180	3.451e3
3180	3.433e3
3180	3.429e3
3180	3.431e3
3180	3.432e3
3180	3.415e3
3180	3.426e3
3180	3.422e3
3180	3.422e3
3180	3.438e3
3180	3.447e3
3180	3.433e3
3180	3.422e3
3180	3.438e3
3180	3.448e3
3180	3.445e3
3180	3.450e3
3180	3.461e3
3180	3.444e3
3180	3.436e3
3180	3.450e3
3180	3.458e3
3180	3.466e3
3180	3.465e3
3180	3.467e3
3180	3.468e3
3180	3.483e3
3181	3.501e3
3181	3.506e3
3181	3.485e3
3181	3.473e3
3181	3.445e3
3181	3.443e3
3181	3.436e3
3181	3.425e3
3181	3.430e3
3181	3.439e3
3181	3.472e3
3181	3.475e3
3181	3.491e3
3181	3.518e3
3181	3.509e3
3181	3.521e3
3181	3.511e3
3181	3.514e3
3181	3.510e3
3181	3.537e3
3181	3.546e3
3181	3.567e3
3181	3.592e3
3181	3.575e3
3181	3.595e3
3181	3.607e3
3181	3.597e3
3181	3.593e3
3181	3.601e3
3181	3.623e3
3181	3.618e3
3181	3.626e3
3181	3.621e3
3181	3.596e3
3181	3.596e3
3181	3.611e3
3181	3.622e3
3181	3.600e3
3181	3.567e3
3181	3.563e3
3182	3.569e3
3182	3.564e3
3182	3.592e3
3182	3.609e3
3182	3.600e3
3182	3.598e3
3182	3.585e3
3182	3.578e3
3182	3.570e3
3182	3.564e3
3182	3.549e3
3182	3.542e3
3182	3.544e3
3182	3.547e3
3182	3.540e3
3182	3.546e3
3182	3.545e3
3182	3.539e3
3182	3.532e3
3182	3.534e3
3182	3.533e3
3182	3.515e3
3182	3.509e3
3182	3.492e3
3182	3.472e3
3182	3.471e3
3182	3.457e3
3182	3.464e3
3182	3.471e3
3182	3.453e3
3182	3.445e3
3182	3.430e3
3182	3.416e3
3182	3.400e3
3182	3.424e3
3182	3.414e3
3182	3.402e3
3182	3.409e3
3182	3.419e3
3182	3.416e3
3182	3.442e3
3183	3.443e3
3183	3.444e3
3183	3.451e3
3183	3.466e3
3183	3.472e3
3183	3.478e3
3183	3.493e3
3183	3.510e3
3183	3.537e3
3183	3.556e3
3183	3.551e3
3183	3.579e3
3183	3.581e3
3183	3.576e3
3183	3.577e3
3183	3.568e3
3183	3.565e3
3183	3.569e3
3183	3.571e3
3183	3.583e3
3183	3.566e3
3183	3.565e3
3183	3.556e3
3183	3.553e3
3183	3.555e3
3183	3.552e3
3183	3.544e3
3183	3.533e3
3183	3.552e3
3183	3.570e3
3183	3.561e3
3183	3.538e3
3183	3.519e3
3183	3.516e3
3183	3.529e3
3183	3.530e3
3183	3.523e3
3183	3.526e3
3183	3.507e3
3183	3.520e3
3184	3.509e3
3184	3.518e3
3184	3.513e3
3184	3.501e3
3184	3.477e3
3184	3.469e3
3184	3.482e3
3184	3.484e3
3184	3.475e3
3184	3.457e3
3184	3.406e3
3184	3.387e3
3184	3.381e3
3184	3.385e3
3184	3.384e3
3184	3.374e3
3184	3.359e3
3184	3.341e3
3184	3.338e3
3184	3.331e3
3184	3.319e3
3184	3.308e3
3184	3.280e3
3184	3.264e3
